0.000000 2.187000 2.551300 1.200000 
0.020000 2.187000 2.571300 1.220000 
0.040000 2.187000 2.571300 1.520000 
0.060000 2.187000 2.571300 1.520000 
0.080000 2.187000 2.571300 1.520000 
0.100000 2.187000 2.571300 1.520000 
0.120000 2.187000 2.571300 1.520000 
0.140000 2.187000 2.571300 1.520000 
0.160000 2.187000 2.571300 1.520000 
0.180000 2.187000 2.571300 1.520000 
0.200000 2.187000 2.571300 1.520000 
0.220000 2.187000 2.571300 1.520000 
0.240000 2.187000 2.571300 1.520000 
0.260000 2.187000 2.571300 1.520000 
0.280000 2.187000 2.571300 1.520000 
0.300000 2.187000 2.571300 1.520000 
0.320000 2.187000 2.571300 1.520000 
0.340000 2.187000 2.571300 1.520000 
0.360000 2.187000 2.571300 1.488673 
0.380000 2.187000 2.551300 1.488673 
0.400000 2.187000 2.551300 1.488673 
0.420000 2.187000 2.551300 1.488673 
0.440000 2.187000 2.551300 1.488673 
0.460000 NaN NaN NaN 
0.480000 NaN NaN NaN 
0.500000 NaN NaN NaN 
0.520000 NaN NaN NaN 
0.540000 NaN NaN NaN 
0.560000 NaN NaN NaN 
0.580000 NaN NaN NaN 
0.600000 NaN NaN NaN 
0.620000 NaN NaN NaN 
0.640000 NaN NaN NaN 
0.660000 2.221218 2.517212 1.488673 
0.680000 2.221218 2.517212 1.488673 
0.700000 2.221218 2.517212 1.488673 
0.720000 2.221218 2.517212 1.488673 
0.740000 NaN NaN NaN 
0.760000 NaN NaN NaN 
0.780000 NaN NaN NaN 
0.800000 NaN NaN NaN 
0.820000 2.187000 2.551300 1.520000 
0.840000 NaN NaN NaN 
0.860000 2.187000 2.551300 1.520000 
0.880000 2.187000 2.551300 1.520000 
0.900000 2.187000 2.551300 1.520000 
0.920000 2.187000 2.551300 1.520000 
0.940000 2.187000 2.551300 1.520000 
0.960000 2.167000 2.551300 1.520000 
0.980000 2.167000 2.551300 1.520000 
1.000000 2.167000 2.551300 1.520000 
1.020000 2.167000 2.551300 1.520000 
1.040000 2.167000 2.551300 1.520000 
1.060000 2.167000 2.551300 1.520000 
1.080000 2.167000 2.551300 1.520000 
1.100000 2.167000 2.551300 1.520000 
1.120000 2.147000 2.551300 1.520000 
1.140000 2.147000 2.551300 1.520000 
1.160000 2.167000 2.551300 1.520000 
1.180000 2.167000 2.551300 1.520000 
1.200000 2.221218 2.551300 1.520000 
1.220000 2.167000 2.551300 1.520000 
1.240000 NaN NaN NaN 
1.260000 NaN NaN NaN 
1.280000 NaN NaN NaN 
1.300000 NaN NaN NaN 
1.320000 2.221218 2.517212 1.488673 
1.340000 2.221218 2.517212 1.488673 
1.360000 NaN NaN NaN 
1.380000 NaN NaN NaN 
1.400000 NaN NaN NaN 
1.420000 2.221218 2.517212 1.488673 
1.440000 NaN NaN NaN 
1.460000 NaN NaN NaN 
1.480000 NaN NaN NaN 
1.500000 NaN NaN NaN 
1.520000 NaN NaN NaN 
1.540000 NaN NaN NaN 
1.560000 NaN NaN NaN 
1.580000 2.167000 2.517212 1.488673 
1.600000 2.147000 2.517212 1.520000 
1.620000 2.147000 2.517212 1.520000 
1.640000 2.147000 2.517212 1.520000 
1.660000 2.147000 2.517212 1.520000 
1.680000 2.147000 2.517212 1.520000 
1.700000 2.147000 2.517212 1.520000 
1.720000 2.147000 2.511300 1.520000 
1.740000 2.147000 2.511300 1.520000 
1.760000 2.147000 2.511300 1.520000 
1.780000 2.147000 2.511300 1.520000 
1.800000 2.147000 2.511300 1.520000 
1.820000 2.147000 2.491300 1.520000 
1.840000 2.147000 2.491300 1.520000 
1.860000 2.167000 2.491300 1.520000 
1.880000 2.167000 2.491300 1.520000 
1.900000 2.167000 2.491300 1.520000 
1.920000 2.167000 2.471300 1.520000 
1.940000 2.167000 2.471300 1.520000 
1.960000 2.167000 2.471300 1.520000 
1.980000 2.167000 2.471300 1.520000 
2.000000 2.167000 2.471300 1.520000 
2.020000 2.167000 2.471300 1.520000 
2.040000 2.167000 2.471300 1.520000 
2.060000 2.167000 2.471300 1.520000 
2.080000 2.167000 2.471300 1.520000 
2.100000 2.167000 2.471300 1.520000 
2.120000 2.167000 2.471300 1.520000 
2.140000 2.167000 2.471300 1.520000 
2.160000 2.167000 2.471300 1.520000 
2.180000 2.167000 2.471300 1.520000 
2.200000 2.167000 2.471300 1.520000 
2.220000 2.167000 2.471300 1.520000 
2.240000 2.167000 2.471300 1.520000 
2.260000 2.167000 2.451300 1.520000 
2.280000 2.167000 2.451300 1.520000 
2.300000 2.167000 2.451300 1.520000 
2.320000 NaN NaN NaN 
2.340000 NaN NaN NaN 
2.360000 NaN NaN NaN 
2.380000 NaN NaN NaN 
2.400000 NaN NaN NaN 
2.420000 NaN NaN NaN 
2.440000 2.167000 2.391300 1.488673 
2.460000 2.167000 2.391300 1.488673 
2.480000 2.167000 2.391300 1.488673 
2.500000 2.167000 2.391300 1.488673 
2.520000 2.167000 2.391300 1.488673 
2.540000 2.167000 2.391300 1.488673 
2.560000 2.167000 2.391300 1.488673 
2.580000 2.167000 2.391300 1.488673 
2.600000 2.167000 2.391300 1.488673 
2.620000 2.167000 2.391300 1.520000 
2.640000 2.167000 2.371300 1.520000 
2.660000 2.167000 2.371300 1.520000 
2.680000 2.167000 2.371300 1.520000 
2.700000 2.167000 2.371300 1.520000 
2.720000 2.167000 2.371300 1.520000 
2.740000 NaN NaN NaN 
2.760000 NaN NaN NaN 
2.780000 NaN NaN NaN 
2.800000 NaN NaN NaN 
2.820000 2.187000 2.371300 1.520000 
2.840000 2.187000 2.371300 1.520000 
2.860000 2.187000 2.411300 1.520000 
2.880000 2.187000 2.371300 1.520000 
2.900000 2.187000 2.371300 1.520000 
2.920000 2.187000 2.371300 1.520000 
2.940000 2.187000 2.371300 1.520000 
2.960000 2.187000 2.371300 1.520000 
2.980000 2.187000 2.371300 1.520000 
3.000000 NaN NaN NaN 
3.020000 NaN NaN NaN 
3.040000 NaN NaN NaN 
3.060000 NaN NaN NaN 
3.080000 2.187000 2.371300 1.520000 
3.100000 2.221218 2.391300 1.520000 
3.120000 2.221218 2.391300 1.520000 
3.140000 2.221218 2.391300 1.520000 
3.160000 2.221218 2.391300 1.520000 
3.180000 2.221218 2.391300 1.520000 
3.200000 2.221218 2.391300 1.520000 
3.220000 2.187000 2.371300 1.520000 
3.240000 NaN NaN NaN 
3.260000 NaN NaN NaN 
3.280000 NaN NaN NaN 
3.300000 NaN NaN NaN 
3.320000 2.167000 2.371300 1.520000 
3.340000 2.167000 2.371300 1.520000 
3.360000 2.167000 2.391300 1.520000 
3.380000 2.167000 2.391300 1.520000 
3.400000 2.167000 2.391300 1.520000 
3.420000 2.167000 2.391300 1.520000 
3.440000 2.167000 2.391300 1.520000 
3.460000 2.167000 2.391300 1.520000 
3.480000 2.167000 2.391300 1.520000 
3.500000 2.167000 2.391300 1.520000 
3.520000 2.147000 2.391300 1.520000 
3.540000 2.147000 2.391300 1.520000 
3.560000 2.147000 2.391300 1.520000 
3.580000 2.147000 2.391300 1.520000 
3.600000 2.147000 2.411300 1.520000 
3.620000 2.147000 2.411300 1.520000 
3.640000 2.147000 2.411300 1.520000 
3.660000 2.147000 2.411300 1.520000 
3.680000 2.147000 2.411300 1.520000 
3.700000 2.127000 2.431300 1.520000 
3.720000 2.127000 2.431300 1.520000 
3.740000 2.127000 2.431300 1.520000 
3.760000 2.127000 2.471300 1.520000 
3.780000 2.127000 2.491300 1.520000 
3.800000 2.127000 2.491300 1.520000 
3.820000 2.127000 2.491300 1.520000 
3.840000 NaN NaN NaN 
3.860000 2.127000 2.491300 1.520000 
3.880000 2.127000 2.491300 1.520000 
3.900000 2.127000 2.491300 1.520000 
3.920000 2.107000 2.511300 1.520000 
3.940000 2.107000 2.511300 1.520000 
3.960000 2.107000 2.511300 1.520000 
3.980000 2.107000 2.517212 1.520000 
4.000000 2.127000 2.517212 1.520000 
4.020000 2.127000 2.517212 1.520000 
4.040000 2.127000 2.517212 1.520000 
4.060000 2.127000 2.517212 1.520000 
4.080000 2.127000 2.517212 1.520000 
4.100000 2.127000 2.517212 1.520000 
4.120000 2.127000 2.531300 1.520000 
4.140000 2.127000 2.531300 1.520000 
4.160000 2.127000 2.531300 1.520000 
4.180000 NaN NaN NaN 
4.200000 NaN NaN NaN 
4.220000 NaN NaN NaN 
4.240000 2.127000 2.531300 1.520000 
4.260000 2.127000 2.531300 1.520000 
4.280000 2.127000 2.531300 1.520000 
4.300000 2.127000 2.531300 1.520000 
4.320000 2.127000 2.531300 1.520000 
4.340000 2.167000 2.531300 1.520000 
4.360000 2.167000 2.531300 1.520000 
4.380000 2.167000 2.531300 1.520000 
4.400000 2.127000 2.531300 1.520000 
4.420000 2.127000 2.531300 1.520000 
4.440000 2.107000 2.531300 1.520000 
4.460000 2.107000 2.531300 1.520000 
4.480000 2.107000 2.531300 1.520000 
4.500000 2.107000 2.531300 1.520000 
4.520000 2.107000 2.531300 1.520000 
4.540000 2.107000 2.531300 1.520000 
4.560000 2.107000 2.531300 1.520000 
4.580000 2.107000 2.531300 1.520000 
4.600000 2.107000 2.531300 1.520000 
4.620000 2.107000 2.531300 1.520000 
4.640000 2.107000 2.531300 1.520000 
4.660000 2.107000 2.517212 1.520000 
4.680000 2.107000 2.517212 1.520000 
4.700000 2.107000 2.517212 1.520000 
4.720000 2.107000 2.511300 1.520000 
4.740000 2.107000 2.511300 1.520000 
4.760000 2.107000 2.511300 1.520000 
4.780000 2.107000 2.511300 1.520000 
4.800000 2.107000 2.511300 1.520000 
4.820000 2.107000 2.511300 1.520000 
4.840000 2.107000 2.491300 1.520000 
4.860000 NaN NaN NaN 
4.880000 2.107000 2.491300 1.520000 
4.900000 2.107000 2.451300 1.520000 
4.920000 2.107000 2.451300 1.520000 
4.940000 2.107000 2.451300 1.520000 
4.960000 2.107000 2.431300 1.520000 
4.980000 2.107000 2.431300 1.520000 
5.000000 2.107000 2.431300 1.520000 
5.020000 2.107000 2.411300 1.520000 
5.040000 2.107000 2.411300 1.520000 
5.060000 2.107000 2.411300 1.520000 
5.080000 2.107000 2.411300 1.520000 
5.100000 2.107000 2.411300 1.520000 
5.120000 2.107000 2.411300 1.520000 
5.140000 2.127000 2.391300 1.520000 
5.160000 2.127000 2.371300 1.520000 
5.180000 2.127000 2.371300 1.520000 
5.200000 2.147000 2.391300 1.520000 
5.220000 2.147000 2.371300 1.520000 
5.240000 2.147000 2.371300 1.520000 
5.260000 2.147000 2.371300 1.520000 
5.280000 2.147000 2.371300 1.520000 
5.300000 2.147000 2.371300 1.520000 
5.320000 2.147000 2.371300 1.520000 
5.340000 2.147000 2.351300 1.520000 
5.360000 2.147000 2.351300 1.520000 
5.380000 NaN NaN NaN 
5.400000 2.147000 2.351300 1.520000 
5.420000 2.167000 2.351300 1.520000 
5.440000 2.167000 2.351300 1.520000 
5.460000 2.167000 2.351300 1.520000 
5.480000 2.167000 2.351300 1.520000 
5.500000 2.167000 2.351300 1.520000 
5.520000 2.167000 2.351300 1.520000 
5.540000 2.167000 2.351300 1.520000 
5.560000 2.167000 2.351300 1.520000 
5.580000 2.167000 2.351300 1.520000 
5.600000 2.167000 2.351300 1.520000 
5.620000 2.167000 2.351300 1.520000 
5.640000 2.187000 2.351300 1.520000 
5.660000 2.187000 2.351300 1.520000 
5.680000 2.187000 2.351300 1.520000 
5.700000 2.187000 2.517212 1.520000 
5.720000 2.221218 2.517212 1.520000 
5.740000 NaN NaN NaN 
5.760000 2.221218 2.517212 1.488673 
5.780000 NaN NaN NaN 
5.800000 2.221218 2.517212 1.488673 
5.820000 NaN NaN NaN 
5.840000 NaN NaN NaN 
5.860000 NaN NaN NaN 
5.880000 NaN NaN NaN 
5.900000 NaN NaN NaN 
5.920000 NaN NaN NaN 
5.940000 2.221218 2.517212 1.488673 
5.960000 2.221218 2.517212 1.488673 
5.980000 NaN NaN NaN 
6.000000 NaN NaN NaN 
6.020000 NaN NaN NaN 
6.040000 NaN NaN NaN 
6.060000 NaN NaN NaN 
6.080000 NaN NaN NaN 
6.100000 NaN NaN NaN 
6.120000 NaN NaN NaN 
6.140000 2.221218 2.517212 1.488673 
6.160000 2.221218 2.517212 1.488673 
6.180000 2.221218 2.517212 1.488673 
6.200000 NaN NaN NaN 
6.220000 NaN NaN NaN 
6.240000 NaN NaN NaN 
6.260000 NaN NaN NaN 
6.280000 NaN NaN NaN 
6.300000 NaN NaN NaN 
6.320000 NaN NaN NaN 
6.340000 NaN NaN NaN 
6.360000 2.221218 2.517212 1.488673 
6.380000 2.221218 2.517212 1.488673 
6.400000 2.221218 2.517212 1.488673 
6.420000 2.221218 2.517212 1.488673 
6.440000 2.221218 2.517212 1.488673 
6.460000 2.221218 2.517212 1.488673 
6.480000 2.187000 2.451300 1.488673 
6.500000 2.187000 2.451300 1.488673 
6.520000 NaN NaN NaN 
6.540000 NaN NaN NaN 
6.560000 NaN NaN NaN 
6.580000 NaN NaN NaN 
6.600000 NaN NaN NaN 
6.620000 NaN NaN NaN 
6.640000 2.221218 2.517212 1.488673 
6.660000 2.221218 2.517212 1.488673 
6.680000 2.221218 2.517212 1.488673 
6.700000 NaN NaN NaN 
6.720000 2.221218 2.517212 1.488673 
6.740000 2.221218 2.517212 1.488673 
6.760000 NaN NaN NaN 
6.780000 2.221218 2.517212 1.488673 
6.800000 2.221218 2.517212 1.488673 
6.820000 NaN NaN NaN 
6.840000 NaN NaN NaN 
6.860000 NaN NaN NaN 
6.880000 NaN NaN NaN 
6.900000 NaN NaN NaN 
6.920000 2.221218 2.517212 1.520000 
6.940000 2.221218 2.517212 1.520000 
6.960000 2.127000 2.517212 1.520000 
6.980000 NaN NaN NaN 
7.000000 2.127000 2.517212 1.520000 
7.020000 2.107000 2.517212 1.520000 
7.040000 2.107000 2.531300 1.520000 
7.060000 2.107000 2.531300 1.520000 
7.080000 2.107000 2.531300 1.520000 
7.100000 2.107000 2.531300 1.520000 
7.120000 2.107000 2.531300 1.520000 
7.140000 2.107000 2.531300 1.520000 
7.160000 2.107000 2.531300 1.520000 
7.180000 2.107000 2.531300 1.520000 
7.200000 2.107000 2.531300 1.520000 
7.220000 2.107000 2.531300 1.520000 
7.240000 2.107000 2.531300 1.520000 
7.260000 2.107000 2.531300 1.520000 
7.280000 2.127000 2.531300 1.520000 
7.300000 2.127000 2.531300 1.520000 
7.320000 2.127000 2.517212 1.520000 
7.340000 2.127000 2.517212 1.520000 
7.360000 NaN NaN NaN 
7.380000 2.147000 2.517212 1.520000 
7.400000 NaN NaN NaN 
7.420000 NaN NaN NaN 
7.440000 2.167000 2.517212 1.520000 
7.460000 2.221218 2.517212 1.520000 
7.480000 2.221218 2.517212 1.488673 
7.500000 2.221218 2.517212 1.488673 
7.520000 2.221218 2.517212 1.488673 
7.540000 2.221218 2.517212 1.488673 
7.560000 NaN NaN NaN 
7.580000 NaN NaN NaN 
7.600000 2.221218 2.511300 1.488673 
7.620000 2.221218 2.511300 1.520000 
7.640000 2.147000 2.511300 1.520000 
7.660000 NaN NaN NaN 
7.680000 2.127000 2.511300 1.520000 
7.700000 2.147000 2.511300 1.520000 
7.720000 NaN NaN NaN 
7.740000 2.147000 2.511300 1.488673 
7.760000 2.147000 2.511300 1.488673 
7.780000 2.147000 2.511300 1.488673 
7.800000 2.147000 2.511300 1.488673 
7.820000 2.147000 2.511300 1.488673 
7.840000 2.221218 2.511300 1.488673 
7.860000 2.221218 2.517212 1.488673 
7.880000 2.221218 2.517212 1.488673 
7.900000 2.221218 2.517212 1.488673 
7.920000 2.221218 2.517212 1.488673 
7.940000 NaN NaN NaN 
7.960000 NaN NaN NaN 
7.980000 NaN NaN NaN 
8.000000 NaN NaN NaN 
8.020000 NaN NaN NaN 
8.040000 NaN NaN NaN 
8.060000 NaN NaN NaN 
8.080000 NaN NaN NaN 
8.100000 NaN NaN NaN 
8.120000 NaN NaN NaN 
8.140000 NaN NaN NaN 
8.160000 NaN NaN NaN 
8.180000 NaN NaN NaN 
8.200000 NaN NaN NaN 
8.220000 NaN NaN NaN 
8.240000 2.221218 2.517212 1.488673 
8.260000 2.221218 2.517212 1.488673 
8.280000 NaN NaN NaN 
8.300000 NaN NaN NaN 
8.320000 NaN NaN NaN 
8.340000 NaN NaN NaN 
8.360000 2.221218 2.517212 1.488673 
8.380000 NaN NaN NaN 
8.400000 NaN NaN NaN 
8.420000 NaN NaN NaN 
8.440000 NaN NaN NaN 
8.460000 NaN NaN NaN 
8.480000 NaN NaN NaN 
8.500000 NaN NaN NaN 
8.520000 NaN NaN NaN 
8.540000 2.221218 2.517212 1.488673 
8.560000 2.221218 2.517212 1.488673 
8.580000 NaN NaN NaN 
8.600000 2.221218 2.517212 1.488673 
8.620000 2.221218 2.517212 1.488673 
8.640000 2.221218 2.517212 1.488673 
8.660000 2.221218 2.517212 1.488673 
8.680000 2.207000 2.391300 1.520000 
8.700000 2.207000 2.391300 1.520000 
8.720000 NaN NaN NaN 
8.740000 NaN NaN NaN 
8.760000 2.187000 2.391300 1.520000 
8.780000 2.187000 2.391300 1.520000 
8.800000 2.187000 2.391300 1.520000 
8.820000 2.187000 2.391300 1.520000 
8.840000 2.187000 2.391300 1.520000 
8.860000 2.187000 2.411300 1.520000 
8.880000 2.187000 2.411300 1.520000 
8.900000 2.187000 2.411300 1.520000 
8.920000 2.187000 2.411300 1.520000 
8.940000 2.187000 2.411300 1.520000 
8.960000 2.187000 2.411300 1.520000 
8.980000 2.187000 2.411300 1.520000 
9.000000 2.187000 2.431300 1.520000 
9.020000 2.187000 2.431300 1.520000 
9.040000 2.187000 2.431300 1.520000 
9.060000 2.187000 2.431300 1.520000 
9.080000 2.187000 2.431300 1.520000 
9.100000 2.187000 2.451300 1.520000 
9.120000 2.167000 2.451300 1.520000 
9.140000 2.167000 2.451300 1.520000 
9.160000 2.167000 2.451300 1.520000 
9.180000 2.167000 2.451300 1.520000 
9.200000 2.167000 2.451300 1.520000 
9.220000 2.167000 2.451300 1.520000 
9.240000 2.167000 2.471300 1.520000 
9.260000 2.167000 2.471300 1.520000 
9.280000 2.167000 2.471300 1.520000 
9.300000 2.167000 2.491300 1.520000 
9.320000 2.167000 2.491300 1.520000 
9.340000 2.167000 2.491300 1.520000 
9.360000 2.167000 2.517212 1.520000 
9.380000 2.167000 2.517212 1.520000 
9.400000 2.167000 2.517212 1.520000 
9.420000 2.167000 2.517212 1.520000 
9.440000 NaN NaN NaN 
9.460000 NaN NaN NaN 
9.480000 2.167000 2.517212 1.488673 
9.500000 2.147000 2.517212 1.488673 
9.520000 NaN NaN NaN 
9.540000 NaN NaN NaN 
9.560000 2.221218 2.551300 1.488673 
9.580000 2.221218 2.551300 1.488673 
9.600000 2.221218 2.551300 1.488673 
9.620000 NaN NaN NaN 
9.640000 NaN NaN NaN 
9.660000 NaN NaN NaN 
9.680000 2.221218 2.551300 1.488673 
9.700000 2.221218 2.551300 1.488673 
9.720000 2.221218 2.571300 1.488673 
9.740000 2.207000 2.571300 1.520000 
9.760000 2.147000 2.571300 1.520000 
9.780000 2.147000 2.571300 1.520000 
9.800000 2.147000 2.571300 1.520000 
9.820000 2.147000 2.571300 1.520000 
9.840000 2.127000 2.571300 1.520000 
9.860000 2.127000 2.571300 1.520000 
9.880000 2.107000 2.571300 1.520000 
9.900000 2.107000 2.571300 1.520000 
9.920000 2.107000 2.571300 1.520000 
9.940000 2.107000 2.571300 1.520000 
9.960000 2.107000 2.571300 1.520000 
9.980000 2.107000 2.571300 1.520000 
10.000000 2.107000 2.571300 1.520000 
10.020000 2.107000 2.571300 1.520000 
10.040000 2.107000 2.571300 1.520000 
10.060000 2.107000 2.571300 1.520000 
10.080000 2.107000 2.571300 1.520000 
10.100000 2.107000 2.571300 1.520000 
10.120000 2.107000 2.571300 1.520000 
10.140000 2.107000 2.571300 1.520000 
10.160000 2.107000 2.571300 1.520000 
10.180000 2.107000 2.571300 1.520000 
10.200000 2.107000 2.571300 1.520000 
10.220000 2.107000 2.571300 1.520000 
10.240000 2.107000 2.571300 1.520000 
10.260000 2.107000 2.571300 1.520000 
10.280000 2.127000 2.571300 1.520000 
10.300000 2.127000 2.551300 1.520000 
10.320000 2.127000 2.551300 1.520000 
10.340000 2.127000 2.551300 1.520000 
10.360000 2.127000 2.531300 1.520000 
10.380000 2.127000 2.531300 1.520000 
10.400000 2.127000 2.531300 1.520000 
10.420000 2.127000 2.517212 1.520000 
10.440000 2.147000 2.517212 1.520000 
10.460000 2.147000 2.517212 1.520000 
10.480000 2.147000 2.511300 1.520000 
10.500000 2.147000 2.511300 1.520000 
10.520000 2.147000 2.511300 1.520000 
10.540000 2.147000 2.491300 1.520000 
10.560000 NaN NaN NaN 
10.580000 NaN NaN NaN 
10.600000 NaN NaN NaN 
10.620000 2.147000 2.491300 1.520000 
10.640000 2.147000 2.491300 1.520000 
10.660000 2.147000 2.471300 1.520000 
10.680000 2.147000 2.471300 1.520000 
10.700000 2.147000 2.451300 1.520000 
10.720000 2.147000 2.451300 1.520000 
10.740000 2.147000 2.451300 1.520000 
10.760000 2.147000 2.451300 1.520000 
10.780000 2.147000 2.431300 1.520000 
10.800000 2.147000 2.431300 1.520000 
10.820000 2.147000 2.431300 1.520000 
10.840000 2.147000 2.431300 1.520000 
10.860000 2.147000 2.431300 1.520000 
10.880000 2.147000 2.411300 1.520000 
10.900000 2.147000 2.411300 1.520000 
10.920000 2.147000 2.411300 1.520000 
10.940000 2.147000 2.411300 1.520000 
10.960000 2.147000 2.391300 1.520000 
10.980000 2.147000 2.391300 1.520000 
11.000000 2.147000 2.391300 1.520000 
11.020000 2.147000 2.371300 1.520000 
11.040000 2.147000 2.371300 1.520000 
11.060000 2.147000 2.371300 1.520000 
11.080000 2.147000 2.371300 1.520000 
11.100000 2.147000 2.371300 1.520000 
11.120000 2.167000 2.371300 1.520000 
11.140000 2.167000 2.371300 1.520000 
11.160000 2.167000 2.371300 1.520000 
11.180000 2.167000 2.371300 1.520000 
11.200000 2.187000 2.371300 1.520000 
11.220000 2.187000 2.371300 1.520000 
11.240000 2.187000 2.371300 1.520000 
11.260000 2.187000 2.371300 1.520000 
11.280000 2.187000 2.371300 1.520000 
11.300000 2.187000 2.371300 1.520000 
11.320000 2.187000 2.371300 1.520000 
11.340000 2.187000 2.371300 1.520000 
11.360000 2.187000 2.371300 1.520000 
11.380000 2.187000 2.371300 1.520000 
11.400000 2.187000 2.371300 1.520000 
11.420000 2.187000 2.371300 1.520000 
11.440000 2.187000 2.371300 1.520000 
11.460000 2.187000 2.371300 1.520000 
11.480000 2.187000 2.371300 1.520000 
11.500000 2.187000 2.391300 1.520000 
11.520000 2.207000 2.471300 1.520000 
11.540000 2.221218 2.517212 1.520000 
11.560000 NaN NaN NaN 
11.580000 NaN NaN NaN 
11.600000 NaN NaN NaN 
11.620000 NaN NaN NaN 
11.640000 NaN NaN NaN 
11.660000 NaN NaN NaN 
11.680000 NaN NaN NaN 
11.700000 NaN NaN NaN 
11.720000 NaN NaN NaN 
11.740000 NaN NaN NaN 
11.760000 NaN NaN NaN 
11.780000 NaN NaN NaN 
11.800000 NaN NaN NaN 
11.820000 NaN NaN NaN 
11.840000 2.221218 2.517212 1.488673 
11.860000 NaN NaN NaN 
11.880000 NaN NaN NaN 
11.900000 2.221218 2.517212 1.488673 
11.920000 2.221218 2.517212 1.488673 
11.940000 NaN NaN NaN 
11.960000 2.221218 2.517212 1.488673 
11.980000 NaN NaN NaN 
12.000000 2.221218 2.517212 1.520000 
12.020000 2.187000 2.517212 1.520000 
12.040000 NaN NaN NaN 
12.060000 NaN NaN NaN 
12.080000 2.167000 2.451300 1.520000 
12.100000 2.167000 2.451300 1.520000 
12.120000 2.167000 2.451300 1.520000 
12.140000 2.167000 2.451300 1.520000 
12.160000 2.167000 2.451300 1.520000 
12.180000 2.167000 2.451300 1.520000 
12.200000 2.167000 2.451300 1.520000 
12.220000 2.167000 2.451300 1.520000 
12.240000 2.167000 2.451300 1.520000 
12.260000 2.167000 2.451300 1.520000 
12.280000 2.167000 2.451300 1.520000 
12.300000 2.167000 2.451300 1.520000 
12.320000 2.167000 2.451300 1.520000 
12.340000 2.167000 2.451300 1.520000 
12.360000 2.167000 2.471300 1.520000 
12.380000 2.167000 2.491300 1.520000 
12.400000 NaN NaN NaN 
12.420000 NaN NaN NaN 
12.440000 NaN NaN NaN 
12.460000 NaN NaN NaN 
12.480000 2.167000 2.491300 1.520000 
12.500000 2.167000 2.491300 1.520000 
12.520000 2.167000 2.491300 1.520000 
12.540000 2.167000 2.491300 1.520000 
12.560000 2.167000 2.491300 1.520000 
12.580000 2.167000 2.511300 1.520000 
12.600000 2.167000 2.511300 1.520000 
12.620000 2.147000 2.511300 1.520000 
12.640000 2.147000 2.511300 1.520000 
12.660000 2.147000 2.511300 1.520000 
12.680000 2.147000 2.511300 1.520000 
12.700000 2.147000 2.511300 1.520000 
12.720000 2.147000 2.511300 1.520000 
12.740000 2.147000 2.517212 1.520000 
12.760000 2.147000 2.517212 1.520000 
12.780000 2.147000 2.517212 1.520000 
12.800000 NaN NaN NaN 
12.820000 2.147000 2.517212 1.520000 
12.840000 2.147000 2.517212 1.520000 
12.860000 2.147000 2.517212 1.520000 
12.880000 2.147000 2.531300 1.520000 
12.900000 2.147000 2.531300 1.488673 
12.920000 2.147000 2.531300 1.488673 
12.940000 2.147000 2.531300 1.488673 
12.960000 NaN NaN NaN 
12.980000 NaN NaN NaN 
13.000000 NaN NaN NaN 
13.020000 NaN NaN NaN 
13.040000 NaN NaN NaN 
13.060000 NaN NaN NaN 
13.080000 2.147000 2.531300 1.488673 
13.100000 2.147000 2.531300 1.488673 
13.120000 2.147000 2.531300 1.488673 
13.140000 2.147000 2.531300 1.488673 
13.160000 2.147000 2.531300 1.488673 
13.180000 2.147000 2.531300 1.488673 
13.200000 NaN NaN NaN 
13.220000 2.147000 2.531300 1.488673 
13.240000 2.147000 2.531300 1.488673 
13.260000 2.127000 2.531300 1.520000 
13.280000 2.127000 2.531300 1.520000 
13.300000 2.147000 2.531300 1.520000 
13.320000 2.147000 2.531300 1.520000 
13.340000 2.147000 2.531300 1.520000 
13.360000 2.107000 2.517212 1.520000 
13.380000 2.107000 2.517212 1.520000 
13.400000 2.107000 2.517212 1.520000 
13.420000 2.107000 2.517212 1.520000 
13.440000 2.127000 2.517212 1.520000 
13.460000 2.221218 2.531300 1.520000 
13.480000 NaN NaN NaN 
13.500000 NaN NaN NaN 
13.520000 2.221218 2.517212 1.488673 
13.540000 2.221218 2.517212 1.488673 
13.560000 2.221218 2.517212 1.488673 
13.580000 2.221218 2.517212 1.488673 
13.600000 2.221218 2.517212 1.488673 
13.620000 2.221218 2.517212 1.488673 
13.640000 NaN NaN NaN 
13.660000 2.221218 2.517212 1.488673 
13.680000 2.221218 2.517212 1.488673 
13.700000 NaN NaN NaN 
13.720000 NaN NaN NaN 
13.740000 NaN NaN NaN 
13.760000 NaN NaN NaN 
13.780000 NaN NaN NaN 
13.800000 NaN NaN NaN 
13.820000 2.221218 2.517212 1.488673 
13.840000 NaN NaN NaN 
13.860000 NaN NaN NaN 
13.880000 NaN NaN NaN 
13.900000 NaN NaN NaN 
13.920000 NaN NaN NaN 
13.940000 NaN NaN NaN 
13.960000 NaN NaN NaN 
13.980000 NaN NaN NaN 
14.000000 NaN NaN NaN 
14.020000 NaN NaN NaN 
14.040000 NaN NaN NaN 
14.060000 NaN NaN NaN 
14.080000 NaN NaN NaN 
14.100000 NaN NaN NaN 
14.120000 NaN NaN NaN 
14.140000 NaN NaN NaN 
14.160000 2.221218 2.517212 1.488673 
14.180000 2.221218 2.411300 1.488673 
14.200000 2.221218 2.411300 1.520000 
14.220000 2.187000 2.411300 1.520000 
14.240000 2.187000 2.411300 1.520000 
14.260000 2.187000 2.411300 1.520000 
14.280000 2.187000 2.411300 1.520000 
14.300000 2.187000 2.391300 1.520000 
14.320000 2.187000 2.391300 1.520000 
14.340000 2.187000 2.391300 1.520000 
14.360000 2.187000 2.391300 1.520000 
14.380000 2.187000 2.391300 1.520000 
14.400000 2.187000 2.391300 1.520000 
14.420000 2.187000 2.391300 1.520000 
14.440000 2.187000 2.391300 1.520000 
14.460000 2.187000 2.391300 1.520000 
14.480000 2.187000 2.391300 1.520000 
14.500000 2.187000 2.391300 1.520000 
14.520000 2.187000 2.391300 1.520000 
14.540000 2.187000 2.391300 1.520000 
14.560000 2.187000 2.391300 1.520000 
14.580000 2.187000 2.391300 1.520000 
14.600000 2.187000 2.391300 1.520000 
14.620000 NaN NaN NaN 
14.640000 NaN NaN NaN 
14.660000 2.187000 2.391300 1.520000 
14.680000 2.187000 2.391300 1.520000 
14.700000 2.187000 2.391300 1.520000 
14.720000 2.187000 2.391300 1.520000 
14.740000 2.187000 2.391300 1.520000 
14.760000 2.187000 2.411300 1.520000 
14.780000 2.187000 2.411300 1.520000 
14.800000 2.187000 2.411300 1.520000 
14.820000 2.187000 2.411300 1.520000 
14.840000 2.187000 2.411300 1.520000 
14.860000 2.187000 2.411300 1.520000 
14.880000 NaN NaN NaN 
14.900000 NaN NaN NaN 
14.920000 2.187000 2.411300 1.520000 
14.940000 2.187000 2.431300 1.520000 
14.960000 2.187000 2.431300 1.520000 
14.980000 2.187000 2.431300 1.520000 
15.000000 2.187000 2.431300 1.520000 
15.020000 2.187000 2.431300 1.520000 
15.040000 2.187000 2.431300 1.520000 
15.060000 2.187000 2.431300 1.520000 
15.080000 2.187000 2.431300 1.520000 
15.100000 2.187000 2.431300 1.520000 
15.120000 2.187000 2.431300 1.520000 
15.140000 2.187000 2.431300 1.520000 
15.160000 2.187000 2.451300 1.520000 
15.180000 2.187000 2.451300 1.520000 
15.200000 2.187000 2.471300 1.520000 
15.220000 2.187000 2.491300 1.520000 
15.240000 2.187000 2.511300 1.520000 
15.260000 NaN NaN NaN 
15.280000 NaN NaN NaN 
15.300000 NaN NaN NaN 
15.320000 2.187000 2.517212 1.520000 
15.340000 2.167000 2.517212 1.520000 
15.360000 2.187000 2.517212 1.520000 
15.380000 2.221218 2.517212 1.520000 
15.400000 2.221218 2.517212 1.488673 
15.420000 2.221218 2.517212 1.488673 
15.440000 2.221218 2.517212 1.488673 
15.460000 2.221218 2.517212 1.488673 
15.480000 2.221218 2.531300 1.488673 
15.500000 2.221218 2.551300 1.520000 
15.520000 2.187000 2.551300 1.520000 
15.540000 2.147000 2.551300 1.520000 
15.560000 NaN NaN NaN 
15.580000 2.147000 2.551300 1.520000 
15.600000 2.147000 2.551300 1.520000 
15.620000 2.147000 2.551300 1.520000 
15.640000 2.147000 2.551300 1.520000 
15.660000 2.147000 2.551300 1.520000 
15.680000 2.127000 2.551300 1.520000 
15.700000 2.127000 2.551300 1.520000 
15.720000 2.127000 2.551300 1.520000 
15.740000 2.127000 2.551300 1.520000 
15.760000 2.127000 2.551300 1.520000 
15.780000 2.127000 2.551300 1.520000 
15.800000 2.127000 2.551300 1.520000 
15.820000 2.127000 2.551300 1.520000 
15.840000 2.127000 2.551300 1.520000 
15.860000 2.127000 2.551300 1.520000 
15.880000 2.127000 2.551300 1.520000 
15.900000 2.127000 2.551300 1.520000 
15.920000 2.221218 2.551300 1.520000 
15.940000 2.221218 2.551300 1.520000 
15.960000 2.221218 2.551300 1.520000 
15.980000 2.221218 2.551300 1.520000 
16.000000 2.221218 2.551300 1.520000 
16.020000 2.221218 2.551300 1.520000 
16.040000 2.221218 2.551300 1.520000 
16.060000 2.221218 2.551300 1.520000 
16.080000 2.221218 2.551300 1.520000 
16.100000 NaN NaN NaN 
16.120000 NaN NaN NaN 
16.140000 NaN NaN NaN 
16.160000 NaN NaN NaN 
16.180000 2.387000 2.631300 1.520000 
16.200000 2.387000 2.611300 1.520000 
16.220000 2.221218 2.551300 1.520000 
16.240000 2.221218 2.551300 1.520000 
16.260000 2.221218 2.551300 1.520000 
16.280000 2.221218 2.531300 1.520000 
16.300000 2.221218 2.531300 1.520000 
16.320000 2.221218 2.531300 1.520000 
16.340000 2.221218 2.531300 1.520000 
16.360000 2.221218 2.531300 1.520000 
16.380000 2.167000 2.531300 1.520000 
16.400000 NaN NaN NaN 
16.420000 NaN NaN NaN 
16.440000 2.167000 2.517212 1.520000 
16.460000 2.167000 2.517212 1.520000 
16.480000 2.167000 2.511300 1.520000 
16.500000 NaN NaN NaN 
16.520000 2.167000 2.517212 1.520000 
16.540000 2.167000 2.511300 1.520000 
16.560000 2.147000 2.511300 1.520000 
16.580000 2.147000 2.511300 1.520000 
16.600000 2.127000 2.491300 1.520000 
16.620000 2.127000 2.491300 1.520000 
16.640000 2.127000 2.491300 1.520000 
16.660000 2.127000 2.491300 1.520000 
16.680000 2.127000 2.491300 1.520000 
16.700000 2.127000 2.491300 1.520000 
16.720000 2.127000 2.491300 1.520000 
16.740000 2.127000 2.491300 1.520000 
16.760000 2.167000 2.491300 1.520000 
16.780000 2.167000 2.491300 1.520000 
16.800000 2.167000 2.491300 1.520000 
16.820000 2.167000 2.491300 1.520000 
16.840000 2.167000 2.491300 1.520000 
16.860000 2.167000 2.491300 1.520000 
16.880000 2.221218 2.511300 1.520000 
16.900000 2.221218 2.517212 1.520000 
16.920000 2.221218 2.517212 1.520000 
16.940000 2.221218 2.517212 1.520000 
16.960000 2.227000 2.517212 1.520000 
16.980000 NaN NaN NaN 
17.000000 NaN NaN NaN 
17.020000 2.467000 2.691300 1.520000 
17.040000 2.467000 2.731300 1.520000 
17.060000 NaN NaN NaN 
17.080000 2.527000 2.791300 1.520000 
17.100000 2.547000 2.791300 1.520000 
17.120000 2.567000 2.791300 1.520000 
17.140000 2.567000 2.791300 1.520000 
17.160000 2.587000 2.811300 1.520000 
17.180000 2.587000 2.811300 1.520000 
17.200000 2.587000 2.811300 1.520000 
17.220000 2.587000 2.831300 1.520000 
17.240000 2.587000 2.831300 1.520000 
17.260000 2.567000 2.831300 1.520000 
17.280000 2.567000 2.831300 1.520000 
17.300000 2.567000 2.831300 1.520000 
17.320000 2.567000 2.831300 1.520000 
17.340000 2.567000 2.831300 1.520000 
17.360000 2.567000 2.811300 1.520000 
17.380000 2.567000 2.811300 1.520000 
17.400000 2.547000 2.811300 1.520000 
17.420000 2.547000 2.811300 1.520000 
17.440000 2.567000 2.811300 1.520000 
17.460000 2.567000 2.811300 1.520000 
17.480000 2.567000 2.771300 1.520000 
17.500000 2.527000 2.771300 1.520000 
17.520000 2.507000 2.771300 1.520000 
17.540000 2.487000 2.771300 1.520000 
17.560000 2.407000 2.771300 1.520000 
17.580000 2.407000 2.691300 1.520000 
17.600000 2.407000 2.691300 1.520000 
17.620000 2.407000 2.691300 1.520000 
17.640000 2.347000 2.631300 1.520000 
17.660000 2.221218 2.517212 1.520000 
17.680000 2.221218 2.517212 1.520000 
17.700000 2.221218 2.517212 1.520000 
17.720000 2.221218 2.517212 1.520000 
17.740000 2.187000 2.471300 1.520000 
17.760000 2.187000 2.471300 1.520000 
17.780000 2.187000 2.471300 1.520000 
17.800000 2.187000 2.471300 1.520000 
17.820000 2.187000 2.471300 1.520000 
17.840000 NaN NaN NaN 
17.860000 NaN NaN NaN 
17.880000 2.187000 2.471300 1.520000 
17.900000 2.187000 2.471300 1.520000 
17.920000 2.187000 2.471300 1.520000 
17.940000 2.187000 2.491300 1.520000 
17.960000 2.207000 2.511300 1.488673 
17.980000 2.207000 2.511300 1.488673 
18.000000 2.187000 2.511300 1.520000 
18.020000 2.187000 2.491300 1.520000 
18.040000 2.187000 2.491300 1.488673 
18.060000 2.187000 2.471300 1.520000 
18.080000 2.187000 2.471300 1.520000 
18.100000 2.167000 2.471300 1.520000 
18.120000 2.167000 2.471300 1.520000 
18.140000 NaN NaN NaN 
18.160000 NaN NaN NaN 
18.180000 NaN NaN NaN 
18.200000 2.167000 2.471300 1.520000 
18.220000 2.167000 2.471300 1.520000 
18.240000 2.167000 2.471300 1.520000 
18.260000 2.187000 2.471300 1.520000 
18.280000 2.187000 2.471300 1.520000 
18.300000 2.207000 2.491300 1.488673 
18.320000 2.221218 2.511300 1.488673 
18.340000 2.221218 2.517212 1.488673 
18.360000 2.221218 2.517212 1.488673 
18.380000 2.221218 2.511300 1.488673 
18.400000 NaN NaN NaN 
18.420000 NaN NaN NaN 
18.440000 NaN NaN NaN 
18.460000 NaN NaN NaN 
18.480000 NaN NaN NaN 
18.500000 NaN NaN NaN 
18.520000 NaN NaN NaN 
18.540000 NaN NaN NaN 
18.560000 NaN NaN NaN 
18.580000 2.221218 2.517212 1.488673 
18.600000 2.221218 2.517212 1.488673 
18.620000 2.221218 2.517212 1.488673 
18.640000 2.147000 2.517212 1.488673 
18.660000 2.147000 2.517212 1.488673 
18.680000 2.147000 2.451300 1.520000 
18.700000 2.147000 2.451300 1.520000 
18.720000 2.147000 2.451300 1.520000 
18.740000 2.147000 2.451300 1.520000 
18.760000 NaN NaN NaN 
18.780000 NaN NaN NaN 
18.800000 2.147000 2.451300 1.520000 
18.820000 2.147000 2.491300 1.520000 
18.840000 2.147000 2.511300 1.520000 
18.860000 2.147000 2.517212 1.520000 
18.880000 2.147000 2.517212 1.520000 
18.900000 2.147000 2.517212 1.520000 
18.920000 2.147000 2.517212 1.520000 
18.940000 2.147000 2.517212 1.520000 
18.960000 2.147000 2.517212 1.520000 
18.980000 2.147000 2.517212 1.520000 
19.000000 2.147000 2.517212 1.520000 
19.020000 2.147000 2.517212 1.520000 
19.040000 2.187000 2.517212 1.488673 
19.060000 NaN NaN NaN 
19.080000 NaN NaN NaN 
19.100000 NaN NaN NaN 
19.120000 NaN NaN NaN 
19.140000 NaN NaN NaN 
19.160000 NaN NaN NaN 
19.180000 NaN NaN NaN 
19.200000 NaN NaN NaN 
19.220000 NaN NaN NaN 
19.240000 NaN NaN NaN 
19.260000 2.221218 2.517212 1.488673 
19.280000 2.221218 2.517212 1.488673 
19.300000 2.221218 2.517212 1.488673 
19.320000 2.221218 2.517212 1.488673 
19.340000 2.221218 2.517212 1.488673 
19.360000 2.221218 2.517212 1.488673 
19.380000 NaN NaN NaN 
19.400000 NaN NaN NaN 
19.420000 NaN NaN NaN 
19.440000 NaN NaN NaN 
19.460000 NaN NaN NaN 
19.480000 NaN NaN NaN 
19.500000 NaN NaN NaN 
19.520000 NaN NaN NaN 
19.540000 NaN NaN NaN 
19.560000 NaN NaN NaN 
19.580000 NaN NaN NaN 
19.600000 NaN NaN NaN 
19.620000 NaN NaN NaN 
19.640000 NaN NaN NaN 
19.660000 NaN NaN NaN 
19.680000 NaN NaN NaN 
19.700000 NaN NaN NaN 
19.720000 NaN NaN NaN 
19.740000 NaN NaN NaN 
19.760000 2.221218 2.511300 1.488673 
19.780000 2.221218 2.511300 1.488673 
19.800000 2.221218 2.511300 1.488673 
19.820000 2.221218 2.491300 1.520000 
19.840000 2.221218 2.491300 1.520000 
19.860000 2.221218 2.491300 1.520000 
19.880000 2.221218 2.491300 1.520000 
19.900000 2.221218 2.471300 1.520000 
19.920000 2.167000 2.471300 1.520000 
19.940000 2.167000 2.451300 1.520000 
19.960000 2.147000 2.451300 1.520000 
19.980000 2.147000 2.451300 1.520000 
20.000000 2.147000 2.451300 1.520000 
20.020000 2.147000 2.451300 1.520000 
20.040000 2.147000 2.451300 1.520000 
20.060000 NaN NaN NaN 
20.080000 NaN NaN NaN 
20.100000 2.147000 2.451300 1.520000 
20.120000 2.147000 2.451300 1.520000 
20.140000 2.147000 2.451300 1.520000 
20.160000 2.147000 2.451300 1.520000 
20.180000 2.147000 2.451300 1.520000 
20.200000 2.147000 2.451300 1.520000 
20.220000 NaN NaN NaN 
20.240000 NaN NaN NaN 
20.260000 2.167000 2.471300 1.520000 
20.280000 2.167000 2.471300 1.520000 
20.300000 2.167000 2.471300 1.520000 
20.320000 2.167000 2.471300 1.520000 
20.340000 2.167000 2.471300 1.520000 
20.360000 2.167000 2.471300 1.488673 
20.380000 2.167000 2.471300 1.488673 
20.400000 2.167000 2.471300 1.488673 
20.420000 2.167000 2.471300 1.488673 
20.440000 2.167000 2.471300 1.488673 
20.460000 2.167000 2.471300 1.488673 
20.480000 NaN NaN NaN 
20.500000 NaN NaN NaN 
20.520000 NaN NaN NaN 
20.540000 NaN NaN NaN 
20.560000 NaN NaN NaN 
20.580000 NaN NaN NaN 
20.600000 2.221218 2.517212 1.488673 
20.620000 2.221218 2.517212 1.488673 
20.640000 2.221218 2.517212 1.488673 
20.660000 2.221218 2.517212 1.488673 
20.680000 2.221218 2.517212 1.488673 
20.700000 2.221218 2.517212 1.488673 
20.720000 NaN NaN NaN 
20.740000 NaN NaN NaN 
20.760000 NaN NaN NaN 
20.780000 NaN NaN NaN 
20.800000 NaN NaN NaN 
20.820000 2.167000 2.511300 1.488673 
20.840000 2.167000 2.511300 1.488673 
20.860000 2.167000 2.511300 1.488673 
20.880000 2.167000 2.511300 1.488673 
20.900000 2.167000 2.511300 1.488673 
20.920000 2.167000 2.511300 1.488673 
20.940000 NaN NaN NaN 
20.960000 2.167000 2.491300 1.520000 
20.980000 2.167000 2.471300 1.520000 
21.000000 2.167000 2.471300 1.520000 
21.020000 2.167000 2.451300 1.520000 
21.040000 2.167000 2.451300 1.520000 
21.060000 2.167000 2.451300 1.520000 
21.080000 2.147000 2.451300 1.520000 
21.100000 2.147000 2.451300 1.520000 
21.120000 2.147000 2.451300 1.520000 
21.140000 2.147000 2.451300 1.520000 
21.160000 2.147000 2.451300 1.520000 
21.180000 2.147000 2.451300 1.520000 
21.200000 2.147000 2.451300 1.520000 
21.220000 2.147000 2.451300 1.520000 
21.240000 2.147000 2.451300 1.520000 
21.260000 2.167000 2.451300 1.520000 
21.280000 2.167000 2.451300 1.520000 
21.300000 2.167000 2.451300 1.520000 
21.320000 2.167000 2.451300 1.520000 
21.340000 2.167000 2.451300 1.520000 
21.360000 2.167000 2.451300 1.520000 
21.380000 2.167000 2.451300 1.520000 
21.400000 NaN NaN NaN 
21.420000 NaN NaN NaN 
21.440000 2.167000 2.451300 1.520000 
21.460000 NaN NaN NaN 
21.480000 2.167000 2.451300 1.520000 
21.500000 2.167000 2.451300 1.520000 
21.520000 2.167000 2.517212 1.520000 
21.540000 2.221218 2.517212 1.520000 
21.560000 2.221218 2.517212 1.520000 
21.580000 2.221218 2.517212 1.520000 
21.600000 2.187000 2.517212 1.520000 
21.620000 NaN NaN NaN 
21.640000 NaN NaN NaN 
21.660000 NaN NaN NaN 
21.680000 NaN NaN NaN 
21.700000 2.187000 2.451300 1.520000 
21.720000 2.187000 2.451300 1.520000 
21.740000 NaN NaN NaN 
21.760000 2.187000 2.491300 1.520000 
21.780000 2.187000 2.491300 1.520000 
21.800000 2.187000 2.491300 1.520000 
21.820000 2.187000 2.471300 1.520000 
21.840000 2.187000 2.451300 1.520000 
21.860000 2.187000 2.431300 1.520000 
21.880000 2.187000 2.411300 1.520000 
21.900000 2.167000 2.411300 1.520000 
21.920000 2.167000 2.411300 1.520000 
21.940000 2.167000 2.411300 1.520000 
21.960000 NaN NaN NaN 
21.980000 2.167000 2.411300 1.520000 
22.000000 2.167000 2.411300 1.520000 
22.020000 2.167000 2.411300 1.520000 
22.040000 2.167000 2.411300 1.520000 
22.060000 2.167000 2.411300 1.520000 
22.080000 2.167000 2.391300 1.520000 
22.100000 2.167000 2.391300 1.520000 
22.120000 2.167000 2.391300 1.520000 
22.140000 2.167000 2.391300 1.520000 
22.160000 2.167000 2.391300 1.520000 
22.180000 2.167000 2.391300 1.520000 
22.200000 2.167000 2.391300 1.520000 
22.220000 2.167000 2.391300 1.520000 
22.240000 2.167000 2.391300 1.520000 
22.260000 2.187000 2.391300 1.520000 
22.280000 2.187000 2.391300 1.520000 
22.300000 2.187000 2.391300 1.520000 
22.320000 2.187000 2.391300 1.520000 
22.340000 2.207000 2.391300 1.520000 
22.360000 2.207000 2.391300 1.520000 
22.380000 2.207000 2.391300 1.520000 
22.400000 2.207000 2.391300 1.520000 
22.420000 2.207000 2.391300 1.520000 
22.440000 2.221218 2.431300 1.488673 
22.460000 2.221218 2.431300 1.488673 
22.480000 2.221218 2.431300 1.488673 
22.500000 2.221218 2.471300 1.488673 
22.520000 2.221218 2.491300 1.488673 
22.540000 NaN NaN NaN 
22.560000 NaN NaN NaN 
22.580000 NaN NaN NaN 
22.600000 NaN NaN NaN 
22.620000 NaN NaN NaN 
22.640000 NaN NaN NaN 
22.660000 NaN NaN NaN 
22.680000 NaN NaN NaN 
22.700000 NaN NaN NaN 
22.720000 NaN NaN NaN 
22.740000 NaN NaN NaN 
22.760000 2.221218 2.517212 1.488673 
22.780000 2.221218 2.517212 1.488673 
22.800000 2.221218 2.517212 1.488673 
22.820000 2.221218 2.517212 1.488673 
22.840000 2.221218 2.517212 1.488673 
22.860000 2.221218 2.517212 1.488673 
22.880000 NaN NaN NaN 
22.900000 NaN NaN NaN 
22.920000 NaN NaN NaN 
22.940000 NaN NaN NaN 
22.960000 NaN NaN NaN 
22.980000 NaN NaN NaN 
23.000000 2.187000 2.431300 1.520000 
23.020000 2.167000 2.431300 1.520000 
23.040000 2.167000 2.451300 1.520000 
23.060000 2.167000 2.451300 1.520000 
23.080000 2.167000 2.451300 1.520000 
23.100000 2.167000 2.451300 1.520000 
23.120000 2.167000 2.451300 1.520000 
23.140000 2.167000 2.451300 1.520000 
23.160000 2.167000 2.451300 1.520000 
23.180000 2.167000 2.451300 1.520000 
23.200000 2.167000 2.451300 1.520000 
23.220000 2.167000 2.451300 1.520000 
23.240000 2.167000 2.451300 1.520000 
23.260000 2.167000 2.471300 1.520000 
23.280000 2.167000 2.471300 1.520000 
23.300000 2.167000 2.491300 1.520000 
23.320000 2.167000 2.471300 1.520000 
23.340000 NaN NaN NaN 
23.360000 NaN NaN NaN 
23.380000 NaN NaN NaN 
23.400000 2.167000 2.491300 1.520000 
23.420000 2.167000 2.491300 1.520000 
23.440000 2.167000 2.511300 1.520000 
23.460000 2.147000 2.511300 1.520000 
23.480000 2.147000 2.511300 1.520000 
23.500000 2.147000 2.511300 1.520000 
23.520000 2.147000 2.517212 1.520000 
23.540000 2.147000 2.517212 1.488673 
23.560000 2.147000 2.517212 1.488673 
23.580000 2.147000 2.517212 1.520000 
23.600000 2.147000 2.511300 1.520000 
23.620000 2.147000 2.517212 1.520000 
23.640000 2.147000 2.517212 1.520000 
23.660000 2.147000 2.531300 1.520000 
23.680000 2.147000 2.531300 1.520000 
23.700000 2.147000 2.531300 1.520000 
23.720000 2.147000 2.531300 1.520000 
23.740000 NaN NaN NaN 
23.760000 NaN NaN NaN 
23.780000 2.147000 2.551300 1.520000 
23.800000 2.147000 2.551300 1.520000 
23.820000 2.147000 2.551300 1.520000 
23.840000 2.147000 2.551300 1.520000 
23.860000 2.147000 2.551300 1.520000 
23.880000 2.147000 2.551300 1.520000 
23.900000 2.221218 2.551300 1.520000 
23.920000 2.221218 2.551300 1.520000 
23.940000 2.221218 2.551300 1.520000 
23.960000 2.147000 2.551300 1.520000 
23.980000 2.147000 2.551300 1.520000 
24.000000 2.147000 2.551300 1.520000 
24.020000 2.147000 2.551300 1.520000 
24.040000 2.147000 2.551300 1.520000 
24.060000 NaN NaN NaN 
24.080000 NaN NaN NaN 
24.100000 NaN NaN NaN 
24.120000 2.147000 2.551300 1.520000 
24.140000 2.221218 2.551300 1.520000 
24.160000 2.221218 2.551300 1.520000 
24.180000 2.221218 2.551300 1.520000 
24.200000 2.221218 2.531300 1.520000 
24.220000 2.221218 2.531300 1.520000 
24.240000 2.221218 2.531300 1.520000 
24.260000 2.221218 2.531300 1.520000 
24.280000 NaN NaN NaN 
24.300000 NaN NaN NaN 
24.320000 NaN NaN NaN 
24.340000 2.221218 2.551300 1.520000 
24.360000 NaN NaN NaN 
24.380000 NaN NaN NaN 
24.400000 2.221218 2.551300 1.520000 
24.420000 2.221218 2.531300 1.520000 
24.440000 2.221218 2.531300 1.520000 
24.460000 2.221218 2.531300 1.520000 
24.480000 2.221218 2.531300 1.520000 
24.500000 2.221218 2.531300 1.520000 
24.520000 2.221218 2.531300 1.520000 
24.540000 2.221218 2.531300 1.520000 
24.560000 2.221218 2.531300 1.520000 
24.580000 2.221218 2.531300 1.520000 
24.600000 2.221218 2.531300 1.520000 
24.620000 2.221218 2.531300 1.520000 
24.640000 2.221218 2.531300 1.520000 
24.660000 2.221218 2.517212 1.520000 
24.680000 2.221218 2.517212 1.520000 
24.700000 2.221218 2.517212 1.520000 
24.720000 2.221218 2.517212 1.520000 
24.740000 2.221218 2.517212 1.520000 
24.760000 NaN NaN NaN 
24.780000 2.221218 2.517212 1.488673 
24.800000 NaN NaN NaN 
24.820000 NaN NaN NaN 
24.840000 NaN NaN NaN 
24.860000 NaN NaN NaN 
24.880000 NaN NaN NaN 
24.900000 NaN NaN NaN 
24.920000 NaN NaN NaN 
24.940000 2.167000 2.451300 1.220000 
