0.000000 1.536000 0.592000 0.797000 
0.020000 1.536000 0.652000 0.877000 
0.040000 1.536000 0.652000 0.937000 
0.060000 1.536000 0.692000 0.977000 
0.080000 1.536000 0.692000 1.037000 
0.100000 1.536000 0.752000 1.077000 
0.120000 1.556000 0.752000 1.197000 
0.140000 1.556000 0.772000 1.197000 
0.160000 1.556000 0.792000 1.197000 
0.180000 1.556000 0.912000 1.197000 
0.200000 1.556000 0.912000 1.197000 
0.220000 1.556000 1.032000 1.197000 
0.240000 1.556000 1.032000 1.217000 
0.260000 1.556000 1.032000 1.217000 
0.280000 1.556000 1.032000 1.197000 
0.300000 1.556000 1.032000 1.197000 
0.320000 1.556000 1.032000 1.197000 
0.340000 1.556000 1.052000 1.197000 
0.360000 1.556000 1.052000 1.197000 
0.380000 1.556000 1.052000 1.197000 
0.400000 1.556000 1.072000 1.137000 
0.420000 1.556000 1.072000 1.057000 
0.440000 1.556000 1.052000 1.037000 
0.460000 1.556000 1.032000 1.037000 
0.480000 1.556000 1.032000 1.037000 
0.500000 1.556000 1.032000 1.037000 
0.520000 1.576000 0.752000 1.037000 
0.540000 1.576000 0.752000 1.037000 
0.560000 1.576000 0.752000 1.037000 
0.580000 1.576000 0.752000 1.037000 
0.600000 1.576000 0.752000 1.057000 
0.620000 1.576000 0.712000 1.057000 
0.640000 1.576000 0.712000 1.057000 
0.660000 1.596000 0.712000 1.057000 
0.680000 1.576000 0.752000 1.057000 
0.700000 1.576000 0.892000 1.057000 
0.720000 1.576000 1.052000 1.057000 
0.740000 1.556000 1.052000 1.057000 
0.760000 1.556000 1.052000 1.057000 
0.780000 1.556000 1.052000 1.057000 
0.800000 1.556000 1.052000 1.057000 
0.820000 1.556000 1.052000 1.057000 
0.840000 1.536000 1.052000 1.117000 
0.860000 1.536000 1.072000 1.177000 
0.880000 1.536000 1.072000 1.117000 
0.900000 1.536000 1.072000 1.117000 
0.920000 1.536000 1.072000 1.077000 
0.940000 1.536000 1.072000 1.057000 
0.960000 1.536000 1.052000 1.057000 
0.980000 1.536000 1.052000 1.057000 
1.000000 1.536000 1.052000 1.057000 
1.020000 1.536000 1.052000 1.057000 
1.040000 1.536000 1.052000 1.057000 
1.060000 1.556000 1.052000 1.057000 
1.080000 1.556000 1.052000 1.057000 
1.100000 1.836000 0.872000 1.057000 
1.120000 1.836000 0.872000 1.057000 
1.140000 1.836000 0.872000 1.057000 
1.160000 1.836000 0.872000 1.077000 
1.180000 1.836000 0.872000 1.177000 
1.200000 1.716000 0.872000 1.197000 
1.220000 1.556000 1.052000 1.197000 
1.240000 1.716000 0.872000 1.217000 
1.260000 1.836000 0.872000 1.217000 
1.280000 1.836000 0.852000 1.177000 
1.300000 1.716000 0.852000 1.177000 
1.320000 1.656000 0.872000 1.177000 
1.340000 1.656000 0.872000 1.177000 
1.360000 1.656000 0.872000 1.177000 
1.380000 1.636000 1.012000 1.137000 
1.400000 1.636000 1.012000 1.137000 
1.420000 1.636000 1.012000 1.217000 
1.440000 1.656000 0.992000 1.137000 
1.460000 1.656000 0.992000 1.117000 
1.480000 1.656000 0.992000 1.097000 
1.500000 1.636000 0.992000 1.097000 
1.520000 1.636000 0.992000 1.097000 
1.540000 1.636000 1.012000 1.097000 
1.560000 1.636000 1.012000 1.097000 
1.580000 1.636000 0.992000 1.097000 
1.600000 1.656000 0.992000 1.097000 
1.620000 1.656000 0.972000 1.097000 
1.640000 1.656000 0.952000 1.097000 
1.660000 1.656000 0.952000 1.057000 
1.680000 1.656000 0.952000 1.037000 
1.700000 1.656000 0.952000 1.037000 
1.720000 1.656000 0.952000 1.057000 
1.740000 1.656000 0.912000 1.057000 
1.760000 1.656000 0.912000 1.057000 
1.780000 1.676000 0.832000 1.097000 
1.800000 1.676000 0.832000 1.097000 
1.820000 1.676000 0.832000 1.097000 
1.840000 1.716000 0.792000 1.097000 
1.860000 1.716000 0.832000 1.117000 
1.880000 1.676000 0.832000 1.117000 
1.900000 1.676000 0.912000 1.117000 
1.920000 1.676000 0.952000 1.117000 
1.940000 1.736000 0.832000 1.177000 
1.960000 1.776000 0.832000 1.117000 
1.980000 1.776000 0.832000 1.177000 
2.000000 1.676000 0.832000 1.117000 
2.020000 1.676000 0.832000 1.117000 
2.040000 1.636000 0.832000 1.117000 
2.060000 1.636000 0.832000 1.177000 
2.080000 1.636000 0.832000 1.177000 
2.100000 1.636000 0.832000 1.197000 
2.120000 1.636000 0.832000 1.237000 
2.140000 1.676000 0.832000 1.237000 
2.160000 1.816000 0.832000 1.237000 
2.180000 1.896000 0.832000 1.237000 
2.200000 1.896000 0.912000 1.237000 
2.220000 1.896000 0.952000 1.237000 
2.240000 1.916000 0.952000 1.237000 
2.260000 1.896000 0.952000 1.237000 
2.280000 1.916000 0.912000 1.237000 
2.300000 1.916000 0.832000 1.237000 
2.320000 1.916000 0.832000 1.237000 
2.340000 1.916000 0.752000 1.237000 
2.360000 1.916000 0.752000 1.197000 
2.380000 1.916000 0.752000 1.197000 
2.400000 1.916000 0.752000 1.197000 
2.420000 1.916000 0.752000 1.197000 
2.440000 1.916000 0.752000 1.177000 
2.460000 1.916000 0.732000 1.117000 
2.480000 1.916000 0.712000 1.117000 
2.500000 1.896000 0.712000 1.057000 
2.520000 1.876000 0.672000 1.057000 
2.540000 1.736000 0.672000 1.057000 
2.560000 1.656000 0.612000 1.057000 
2.580000 1.656000 0.592000 1.057000 
2.600000 1.656000 0.572000 1.057000 
2.620000 1.656000 0.572000 1.037000 
2.640000 1.656000 0.572000 1.037000 
2.660000 1.656000 0.552000 1.037000 
2.680000 1.656000 0.552000 1.037000 
2.700000 1.656000 0.552000 1.037000 
2.720000 1.636000 0.552000 1.037000 
2.740000 1.656000 0.552000 1.037000 
2.760000 1.656000 0.552000 1.057000 
2.780000 1.656000 0.572000 1.057000 
2.800000 1.656000 0.572000 1.057000 
2.820000 1.656000 0.592000 1.057000 
2.840000 1.676000 0.592000 1.057000 
2.860000 1.656000 0.592000 1.057000 
2.880000 1.656000 0.592000 1.077000 
2.900000 1.656000 0.592000 1.077000 
2.920000 1.656000 0.612000 1.117000 
2.940000 1.656000 0.692000 1.137000 
2.960000 1.656000 0.692000 1.137000 
2.980000 1.656000 0.692000 1.137000 
3.000000 1.636000 0.692000 1.137000 
3.020000 1.576000 0.692000 1.137000 
3.040000 1.576000 0.692000 1.137000 
3.060000 1.576000 0.652000 1.057000 
3.080000 1.576000 0.652000 1.037000 
3.100000 1.576000 0.612000 1.017000 
3.120000 1.576000 0.612000 1.037000 
3.140000 1.576000 0.652000 1.037000 
3.160000 1.576000 0.652000 1.037000 
3.180000 1.576000 0.712000 1.037000 
3.200000 1.576000 0.712000 1.057000 
3.220000 1.576000 0.712000 1.057000 
3.240000 1.576000 0.712000 1.057000 
3.260000 1.556000 0.712000 1.057000 
3.280000 1.556000 0.712000 1.057000 
3.300000 1.576000 0.712000 1.057000 
3.320000 1.576000 0.712000 1.077000 
3.340000 1.576000 0.712000 1.057000 
3.360000 1.576000 0.712000 1.057000 
3.380000 1.576000 0.872000 1.077000 
3.400000 1.576000 0.872000 1.117000 
3.420000 1.596000 0.872000 1.117000 
3.440000 1.596000 0.872000 1.117000 
3.460000 1.636000 0.892000 1.137000 
3.480000 1.676000 0.912000 1.137000 
3.500000 1.676000 0.912000 1.137000 
3.520000 1.676000 0.912000 1.137000 
3.540000 1.656000 0.912000 1.117000 
3.560000 1.636000 0.912000 1.117000 
3.580000 1.616000 0.912000 1.117000 
3.600000 1.596000 0.912000 1.117000 
3.620000 1.556000 0.912000 1.077000 
3.640000 1.576000 0.872000 1.077000 
3.660000 1.576000 0.832000 1.077000 
3.680000 1.596000 0.772000 1.057000 
3.700000 1.616000 0.732000 1.037000 
3.720000 1.616000 0.732000 1.037000 
3.740000 1.576000 0.652000 1.037000 
3.760000 1.576000 0.652000 1.017000 
3.780000 1.596000 0.652000 1.017000 
3.800000 1.576000 0.652000 1.017000 
3.820000 1.576000 0.652000 1.017000 
3.840000 1.556000 0.652000 1.017000 
3.860000 1.556000 0.652000 0.997000 
3.880000 1.556000 0.652000 0.997000 
3.900000 1.556000 0.652000 0.997000 
3.920000 1.556000 0.652000 0.997000 
3.940000 1.556000 0.652000 0.997000 
3.960000 1.556000 0.652000 0.997000 
3.980000 1.576000 0.672000 0.997000 
4.000000 1.556000 0.672000 0.997000 
4.020000 1.576000 0.672000 0.997000 
4.040000 1.576000 0.712000 0.997000 
4.060000 1.596000 0.752000 0.997000 
4.080000 1.596000 0.752000 0.997000 
4.100000 1.596000 0.752000 0.997000 
4.120000 1.556000 0.752000 0.997000 
4.140000 1.596000 0.752000 0.997000 
4.160000 1.596000 0.772000 0.997000 
4.180000 1.596000 0.792000 0.997000 
4.200000 1.596000 0.792000 0.997000 
4.220000 1.616000 0.832000 1.017000 
4.240000 1.616000 0.832000 1.057000 
4.260000 1.616000 0.832000 1.097000 
4.280000 1.636000 0.832000 1.097000 
4.300000 1.656000 0.832000 1.097000 
4.320000 1.676000 0.832000 1.097000 
4.340000 1.696000 0.832000 1.157000 
4.360000 1.696000 0.832000 1.157000 
4.380000 1.676000 0.832000 1.177000 
4.400000 1.656000 0.852000 1.177000 
4.420000 1.656000 0.852000 1.177000 
4.440000 1.656000 0.892000 1.157000 
4.460000 1.676000 0.892000 1.097000 
4.480000 1.716000 0.892000 1.097000 
4.500000 1.696000 0.892000 1.097000 
4.520000 1.716000 0.892000 1.097000 
4.540000 1.716000 0.892000 1.097000 
4.560000 1.716000 0.892000 1.097000 
4.580000 1.716000 0.892000 1.157000 
4.600000 1.736000 0.852000 1.177000 
4.620000 1.736000 0.832000 1.177000 
4.640000 1.716000 0.832000 1.097000 
4.660000 1.716000 0.832000 1.097000 
4.680000 1.716000 0.832000 1.097000 
4.700000 1.696000 0.832000 1.097000 
4.720000 1.696000 0.852000 1.097000 
4.740000 1.616000 0.872000 1.097000 
4.760000 1.616000 0.872000 1.097000 
4.780000 1.696000 0.852000 1.097000 
4.800000 1.696000 0.852000 1.097000 
4.820000 1.696000 0.852000 1.217000 
4.840000 1.696000 0.852000 1.217000 
4.860000 1.696000 0.852000 1.217000 
4.880000 1.696000 0.872000 1.237000 
4.900000 1.656000 0.892000 1.237000 
4.920000 1.616000 0.932000 1.237000 
4.940000 1.616000 0.972000 1.237000 
4.960000 1.616000 0.972000 1.217000 
4.980000 1.616000 0.992000 1.197000 
5.000000 1.616000 0.992000 1.197000 
5.020000 1.596000 1.012000 1.197000 
5.040000 1.596000 1.052000 1.237000 
5.060000 1.596000 1.052000 1.237000 
5.080000 1.596000 1.052000 1.237000 
5.100000 1.596000 1.052000 1.237000 
5.120000 1.596000 1.092000 1.257000 
5.140000 1.596000 1.052000 1.257000 
5.160000 1.596000 1.052000 1.257000 
5.180000 1.596000 1.052000 1.257000 
5.200000 1.596000 1.052000 1.257000 
5.220000 1.596000 1.052000 1.257000 
5.240000 1.596000 1.012000 1.257000 
5.260000 1.596000 1.012000 1.257000 
5.280000 1.596000 1.012000 1.257000 
5.300000 1.596000 1.012000 1.257000 
5.320000 1.596000 1.012000 1.257000 
5.340000 1.596000 0.992000 1.257000 
5.360000 1.636000 0.812000 1.277000 
5.380000 1.636000 0.812000 1.277000 
5.400000 1.776000 0.812000 1.357000 
5.420000 1.776000 0.812000 1.357000 
5.440000 1.776000 0.792000 1.357000 
5.460000 1.776000 0.792000 1.357000 
5.480000 1.896000 0.772000 1.357000 
5.500000 1.896000 0.772000 1.357000 
5.520000 1.896000 0.772000 1.357000 
5.540000 1.896000 0.772000 1.357000 
5.560000 1.876000 0.772000 1.357000 
5.580000 1.836000 0.772000 1.357000 
5.600000 1.776000 0.772000 1.357000 
5.620000 1.776000 0.772000 1.297000 
5.640000 1.776000 0.732000 1.357000 
5.660000 1.776000 0.672000 1.357000 
5.680000 1.776000 0.612000 1.297000 
5.700000 1.776000 0.612000 1.197000 
5.720000 1.776000 0.612000 1.197000 
5.740000 1.776000 0.612000 1.197000 
5.760000 1.776000 0.672000 1.177000 
5.780000 1.776000 0.692000 1.137000 
5.800000 1.776000 0.672000 1.177000 
5.820000 1.756000 0.672000 1.137000 
5.840000 1.756000 0.692000 1.137000 
5.860000 1.676000 0.712000 1.137000 
5.880000 1.776000 0.712000 1.137000 
5.900000 1.716000 0.732000 1.137000 
5.920000 1.676000 0.732000 1.137000 
5.940000 1.676000 0.732000 1.137000 
5.960000 1.676000 0.732000 1.137000 
5.980000 1.636000 0.732000 1.137000 
6.000000 1.636000 0.932000 1.137000 
6.020000 1.616000 0.972000 1.137000 
6.040000 1.636000 0.932000 1.177000 
6.060000 1.616000 0.972000 1.177000 
6.080000 1.596000 1.012000 1.177000 
6.100000 1.596000 1.012000 1.177000 
6.120000 1.596000 1.012000 1.177000 
6.140000 1.596000 1.012000 1.177000 
6.160000 1.576000 1.012000 1.177000 
6.180000 1.556000 1.012000 1.177000 
6.200000 1.556000 1.012000 1.197000 
6.220000 1.556000 1.012000 1.197000 
6.240000 1.556000 1.012000 1.197000 
6.260000 1.576000 0.992000 1.197000 
6.280000 1.576000 0.992000 1.197000 
6.300000 1.576000 0.992000 1.197000 
6.320000 1.576000 0.992000 1.197000 
6.340000 1.576000 0.992000 1.197000 
6.360000 1.596000 0.992000 1.197000 
6.380000 1.616000 0.932000 1.197000 
6.400000 1.616000 0.912000 1.197000 
6.420000 1.636000 0.912000 1.197000 
6.440000 1.776000 0.792000 1.197000 
6.460000 1.636000 0.912000 1.177000 
6.480000 1.636000 0.912000 1.177000 
6.500000 1.776000 0.792000 1.197000 
6.520000 1.776000 0.772000 1.157000 
6.540000 1.816000 0.772000 1.157000 
6.560000 1.896000 0.772000 1.157000 
6.580000 1.896000 0.772000 1.157000 
6.600000 1.896000 0.772000 1.157000 
6.620000 1.896000 0.832000 1.157000 
6.640000 1.896000 0.832000 1.117000 
6.660000 1.896000 0.832000 1.157000 
6.680000 1.896000 0.712000 1.157000 
6.700000 1.816000 0.712000 1.157000 
6.720000 1.776000 0.772000 1.157000 
6.740000 1.816000 0.772000 1.157000 
6.760000 1.816000 0.772000 1.157000 
6.780000 1.816000 0.772000 1.197000 
6.800000 1.776000 0.772000 1.197000 
6.820000 1.776000 0.772000 1.197000 
6.840000 1.776000 0.772000 1.157000 
6.860000 1.776000 0.772000 1.197000 
6.880000 1.776000 0.772000 1.197000 
6.900000 1.776000 0.772000 1.197000 
6.920000 1.776000 0.772000 1.197000 
6.940000 1.776000 0.792000 1.197000 
6.960000 1.776000 0.772000 1.217000 
6.980000 1.736000 0.772000 1.237000 
7.000000 1.736000 0.772000 1.237000 
7.020000 1.736000 0.772000 1.237000 
7.040000 1.736000 0.772000 1.237000 
7.060000 1.716000 0.772000 1.237000 
7.080000 1.716000 0.792000 1.217000 
7.100000 1.716000 0.792000 1.237000 
7.120000 1.716000 0.792000 1.217000 
7.140000 1.696000 0.792000 1.197000 
7.160000 1.656000 0.832000 1.197000 
7.180000 1.656000 0.832000 1.197000 
7.200000 1.636000 0.952000 1.197000 
7.220000 1.636000 0.992000 1.197000 
7.240000 1.636000 0.992000 1.197000 
7.260000 1.696000 0.952000 1.217000 
7.280000 1.696000 0.952000 1.197000 
7.300000 1.696000 0.952000 1.217000 
7.320000 1.636000 0.992000 1.237000 
7.340000 1.576000 1.012000 1.237000 
7.360000 1.576000 1.012000 1.217000 
7.380000 1.576000 1.032000 1.197000 
7.400000 1.576000 1.032000 1.197000 
7.420000 1.576000 1.012000 1.197000 
7.440000 1.576000 1.012000 1.197000 
7.460000 1.576000 1.012000 1.197000 
7.480000 1.576000 1.012000 1.197000 
7.500000 1.576000 1.052000 1.197000 
7.520000 1.576000 1.052000 1.197000 
7.540000 1.576000 1.052000 1.197000 
7.560000 1.576000 1.052000 1.197000 
7.580000 1.576000 1.052000 1.217000 
7.600000 1.576000 1.052000 1.217000 
7.620000 1.576000 1.052000 1.217000 
7.640000 1.576000 1.052000 1.217000 
7.660000 1.576000 1.052000 1.197000 
7.680000 1.576000 1.052000 1.197000 
7.700000 1.576000 1.052000 1.197000 
7.720000 1.576000 1.052000 1.197000 
7.740000 1.576000 1.052000 1.197000 
7.760000 1.576000 1.052000 1.197000 
7.780000 1.576000 1.012000 1.197000 
7.800000 1.576000 1.012000 1.197000 
7.820000 1.576000 0.992000 1.197000 
7.840000 1.576000 0.992000 1.197000 
7.860000 1.576000 0.992000 1.197000 
7.880000 1.596000 0.992000 1.197000 
7.900000 1.596000 0.992000 1.197000 
7.920000 1.696000 0.972000 1.197000 
7.940000 1.896000 0.832000 1.217000 
7.960000 1.916000 0.832000 1.197000 
7.980000 1.896000 0.832000 1.197000 
8.000000 1.696000 0.972000 1.197000 
8.020000 1.696000 0.972000 1.197000 
8.040000 1.896000 0.832000 1.197000 
8.060000 1.896000 0.832000 1.197000 
8.080000 1.896000 0.832000 1.217000 
8.100000 1.916000 0.812000 1.237000 
8.120000 1.896000 0.812000 1.217000 
8.140000 1.896000 0.832000 1.197000 
8.160000 1.696000 0.972000 1.177000 
8.180000 1.596000 0.992000 1.177000 
8.200000 1.596000 0.992000 1.177000 
8.220000 1.596000 0.972000 1.197000 
8.240000 1.896000 0.832000 1.217000 
8.260000 1.676000 0.832000 1.197000 
8.280000 1.896000 0.812000 1.237000 
8.300000 1.896000 0.812000 1.237000 
8.320000 1.896000 0.812000 1.257000 
8.340000 1.916000 0.812000 1.257000 
8.360000 1.896000 0.812000 1.237000 
8.380000 1.676000 0.832000 1.237000 
8.400000 1.896000 0.832000 1.237000 
8.420000 1.896000 0.812000 1.237000 
8.440000 1.896000 0.772000 1.237000 
8.460000 1.696000 0.772000 1.237000 
8.480000 1.696000 0.772000 1.237000 
8.500000 1.676000 0.772000 1.197000 
8.520000 1.656000 0.772000 1.177000 
8.540000 1.676000 0.772000 1.197000 
8.560000 1.696000 0.772000 1.237000 
8.580000 1.716000 0.752000 1.237000 
8.600000 1.776000 0.752000 1.237000 
8.620000 1.716000 0.752000 1.197000 
8.640000 1.696000 0.752000 1.097000 
8.660000 1.676000 0.772000 1.097000 
8.680000 1.696000 0.772000 1.097000 
8.700000 1.696000 0.752000 1.097000 
8.720000 1.716000 0.752000 1.097000 
8.740000 1.716000 0.752000 1.097000 
8.760000 1.716000 0.752000 1.097000 
8.780000 1.776000 0.752000 1.097000 
8.800000 1.776000 0.752000 1.097000 
8.820000 1.776000 0.752000 1.177000 
8.840000 1.776000 0.732000 1.177000 
8.860000 1.776000 0.732000 1.177000 
8.880000 1.776000 0.692000 1.177000 
8.900000 1.776000 0.732000 1.177000 
8.920000 1.776000 0.772000 1.197000 
8.940000 1.776000 0.792000 1.197000 
8.960000 1.776000 0.792000 1.197000 
8.980000 1.756000 0.832000 1.177000 
9.000000 1.756000 0.832000 1.177000 
9.020000 1.756000 0.832000 1.197000 
9.040000 1.776000 0.832000 1.197000 
9.060000 1.776000 0.832000 1.197000 
9.080000 1.776000 0.832000 1.197000 
9.100000 1.756000 0.832000 1.197000 
9.120000 1.636000 0.852000 1.177000 
9.140000 1.636000 0.932000 1.137000 
9.160000 1.636000 0.932000 1.137000 
9.180000 1.616000 0.992000 1.137000 
9.200000 1.616000 1.012000 1.177000 
9.220000 1.616000 1.032000 1.137000 
9.240000 1.616000 1.032000 1.117000 
9.260000 1.536000 1.032000 1.117000 
9.280000 1.536000 1.032000 1.117000 
9.300000 1.536000 1.032000 1.117000 
9.320000 1.616000 1.032000 1.117000 
9.340000 1.616000 1.032000 1.117000 
9.360000 1.616000 1.032000 1.117000 
9.380000 1.616000 1.032000 1.117000 
9.400000 1.576000 1.032000 1.117000 
9.420000 1.576000 1.032000 1.117000 
9.440000 1.576000 1.032000 1.117000 
9.460000 1.576000 1.032000 1.117000 
9.480000 1.556000 1.032000 1.117000 
9.500000 1.556000 1.032000 1.117000 
9.520000 1.556000 1.032000 1.177000 
9.540000 1.576000 1.032000 1.177000 
9.560000 1.616000 1.032000 1.197000 
9.580000 1.616000 1.032000 1.197000 
9.600000 1.616000 1.032000 1.197000 
9.620000 1.616000 1.032000 1.197000 
9.640000 1.616000 1.012000 1.197000 
9.660000 1.636000 0.852000 1.197000 
9.680000 1.676000 0.832000 1.197000 
9.700000 1.716000 0.812000 1.237000 
9.720000 1.716000 0.812000 1.237000 
9.740000 1.716000 0.812000 1.197000 
9.760000 1.716000 0.812000 1.297000 
9.780000 1.676000 0.812000 1.317000 
9.800000 1.676000 0.812000 1.317000 
9.820000 1.836000 0.792000 1.317000 
9.840000 1.856000 0.792000 1.317000 
9.860000 1.856000 0.792000 1.317000 
9.880000 1.856000 0.792000 1.317000 
9.900000 1.876000 0.772000 1.317000 
9.920000 1.876000 0.772000 1.317000 
9.940000 1.916000 0.772000 1.317000 
9.960000 1.876000 0.772000 1.297000 
9.980000 1.856000 0.792000 1.277000 
10.000000 1.856000 0.792000 1.277000 
10.020000 1.856000 0.792000 1.277000 
10.040000 1.816000 0.792000 1.277000 
10.060000 1.816000 0.792000 1.257000 
10.080000 1.816000 0.772000 1.237000 
10.100000 1.816000 0.772000 1.157000 
10.120000 1.816000 0.732000 1.037000 
10.140000 1.696000 0.712000 1.037000 
10.160000 1.656000 0.712000 1.037000 
10.180000 1.696000 0.712000 1.017000 
10.200000 1.816000 0.792000 1.017000 
10.220000 1.816000 0.872000 1.017000 
10.240000 1.776000 0.872000 0.997000 
10.260000 1.696000 0.892000 0.997000 
10.280000 1.656000 0.892000 0.997000 
10.300000 1.656000 0.892000 0.997000 
10.320000 1.656000 0.892000 0.997000 
10.340000 1.656000 0.892000 0.997000 
10.360000 1.656000 0.892000 0.997000 
10.380000 1.656000 0.892000 0.997000 
10.400000 1.656000 0.892000 1.017000 
10.420000 1.656000 0.892000 1.137000 
10.440000 1.656000 0.892000 1.237000 
10.460000 1.656000 0.892000 1.137000 
10.480000 1.636000 0.932000 1.137000 
10.500000 1.636000 0.932000 1.237000 
10.520000 1.636000 0.972000 1.237000 
10.540000 1.636000 0.972000 1.237000 
10.560000 1.636000 0.992000 1.237000 
10.580000 1.576000 0.992000 1.197000 
10.600000 1.576000 0.992000 1.197000 
10.620000 1.576000 1.012000 1.197000 
10.640000 1.556000 1.032000 1.197000 
10.660000 1.556000 1.032000 1.217000 
10.680000 1.576000 1.012000 1.217000 
10.700000 1.576000 1.032000 1.217000 
10.720000 1.556000 1.052000 1.217000 
10.740000 1.556000 1.052000 1.217000 
10.760000 1.556000 1.052000 1.217000 
10.780000 1.556000 1.052000 1.217000 
10.800000 1.556000 1.052000 1.217000 
10.820000 1.556000 1.052000 1.197000 
10.840000 1.556000 1.052000 1.197000 
10.860000 1.556000 1.052000 1.197000 
10.880000 1.556000 1.052000 1.197000 
10.900000 1.556000 1.052000 1.197000 
10.920000 1.556000 1.052000 1.197000 
10.940000 1.576000 1.052000 1.197000 
10.960000 1.596000 1.052000 1.217000 
10.980000 1.736000 0.852000 1.217000 
11.000000 1.736000 0.852000 1.217000 
11.020000 1.736000 0.852000 1.217000 
11.040000 1.736000 0.852000 1.217000 
11.060000 1.736000 0.832000 1.217000 
11.080000 1.676000 0.852000 1.177000 
11.100000 1.676000 0.852000 1.177000 
11.120000 1.676000 0.852000 1.117000 
11.140000 1.676000 0.852000 1.117000 
11.160000 1.676000 0.852000 1.117000 
11.180000 1.676000 0.852000 1.117000 
11.200000 1.676000 0.852000 1.117000 
11.220000 1.676000 0.852000 1.117000 
11.240000 1.676000 0.652000 1.117000 
11.260000 1.676000 0.852000 1.117000 
11.280000 1.676000 0.852000 1.117000 
11.300000 1.676000 0.952000 1.117000 
11.320000 1.656000 0.952000 1.117000 
11.340000 1.636000 0.952000 1.117000 
11.360000 1.636000 0.952000 1.097000 
11.380000 1.636000 0.952000 1.097000 
11.400000 1.636000 0.952000 1.097000 
11.420000 1.636000 0.952000 1.097000 
11.440000 1.636000 0.952000 1.117000 
11.460000 1.636000 0.652000 1.117000 
11.480000 1.636000 0.672000 1.117000 
11.500000 1.636000 0.652000 1.117000 
11.520000 1.636000 0.652000 1.117000 
11.540000 1.636000 0.652000 1.117000 
11.560000 1.676000 0.652000 1.117000 
11.580000 1.676000 0.652000 1.117000 
11.600000 1.676000 0.652000 1.097000 
11.620000 1.676000 0.632000 1.097000 
11.640000 1.696000 0.652000 1.097000 
11.660000 1.696000 0.652000 1.097000 
11.680000 1.696000 0.652000 1.097000 
11.700000 1.696000 0.652000 1.097000 
11.720000 1.696000 0.652000 1.097000 
11.740000 1.696000 0.652000 1.097000 
11.760000 1.696000 0.652000 1.097000 
11.780000 1.696000 0.652000 1.117000 
11.800000 1.696000 0.652000 1.117000 
11.820000 1.696000 0.652000 1.117000 
11.840000 1.716000 0.652000 1.117000 
11.860000 1.716000 0.672000 1.117000 
11.880000 1.636000 0.772000 1.117000 
11.900000 1.596000 0.772000 1.117000 
11.920000 1.596000 0.892000 1.117000 
11.940000 1.596000 0.892000 1.117000 
11.960000 1.596000 0.892000 1.117000 
11.980000 1.596000 0.892000 1.117000 
12.000000 1.596000 0.772000 1.117000 
12.020000 1.636000 0.772000 1.117000 
12.040000 1.676000 0.772000 1.117000 
12.060000 1.656000 0.892000 1.117000 
12.080000 1.636000 0.892000 1.117000 
12.100000 1.656000 0.952000 1.117000 
12.120000 1.676000 0.952000 1.177000 
12.140000 1.656000 0.992000 1.177000 
12.160000 1.656000 0.992000 1.117000 
12.180000 1.656000 0.992000 1.117000 
12.200000 1.656000 0.952000 1.117000 
12.220000 1.656000 0.952000 1.117000 
12.240000 1.636000 0.952000 1.117000 
12.260000 1.616000 0.992000 1.117000 
12.280000 1.636000 0.952000 1.117000 
12.300000 1.636000 0.912000 1.117000 
12.320000 1.656000 0.832000 1.117000 
12.340000 1.656000 0.752000 1.117000 
12.360000 1.656000 0.752000 1.117000 
12.380000 1.656000 0.752000 1.117000 
12.400000 1.656000 0.752000 1.117000 
12.420000 1.656000 0.752000 1.117000 
12.440000 1.656000 0.832000 1.117000 
12.460000 1.656000 0.912000 1.117000 
12.480000 1.636000 0.912000 1.117000 
12.500000 1.656000 0.832000 1.117000 
12.520000 1.636000 0.832000 1.117000 
12.540000 1.616000 0.912000 1.117000 
12.560000 1.616000 0.832000 1.117000 
12.580000 1.636000 0.672000 1.117000 
12.600000 1.656000 0.672000 1.117000 
12.620000 1.656000 0.732000 1.117000 
12.640000 1.656000 0.772000 1.117000 
12.660000 1.656000 0.832000 1.117000 
12.680000 1.656000 0.832000 1.117000 
12.700000 1.656000 0.912000 1.117000 
12.720000 1.656000 0.772000 1.117000 
12.740000 1.596000 0.952000 1.117000 
12.760000 1.596000 0.992000 1.117000 
12.780000 1.596000 0.952000 1.117000 
12.800000 1.596000 0.992000 1.117000 
12.820000 1.596000 0.992000 1.117000 
12.840000 1.596000 0.992000 1.117000 
12.860000 1.596000 0.992000 1.117000 
12.880000 1.596000 0.832000 1.117000 
12.900000 1.596000 0.832000 1.117000 
12.920000 1.596000 0.992000 1.117000 
12.940000 1.596000 0.992000 1.117000 
12.960000 1.596000 0.992000 1.177000 
12.980000 1.596000 1.072000 1.217000 
13.000000 1.596000 1.072000 1.217000 
13.020000 1.596000 1.112000 1.217000 
13.040000 1.596000 1.112000 1.217000 
13.060000 1.596000 1.112000 1.217000 
13.080000 1.596000 1.112000 1.217000 
13.100000 1.596000 1.072000 1.217000 
13.120000 1.596000 1.072000 1.217000 
13.140000 1.596000 1.072000 1.237000 
13.160000 1.656000 0.972000 1.237000 
13.180000 1.676000 0.892000 1.237000 
13.200000 1.676000 0.892000 1.217000 
13.220000 1.676000 0.892000 1.217000 
13.240000 1.656000 0.972000 1.177000 
13.260000 1.656000 0.972000 1.217000 
13.280000 1.616000 0.972000 1.177000 
13.300000 1.616000 0.972000 1.177000 
13.320000 1.616000 0.972000 1.177000 
13.340000 1.616000 0.972000 1.177000 
13.360000 1.616000 0.972000 1.177000 
13.380000 1.616000 0.972000 1.157000 
13.400000 1.656000 0.892000 1.157000 
13.420000 1.676000 0.872000 1.157000 
13.440000 1.696000 0.812000 1.157000 
13.460000 1.676000 0.792000 1.157000 
13.480000 1.676000 0.792000 1.157000 
13.500000 1.716000 0.792000 1.177000 
13.520000 1.836000 0.852000 1.177000 
13.540000 1.836000 0.872000 1.177000 
13.560000 1.836000 0.872000 1.177000 
13.580000 1.836000 0.852000 1.177000 
13.600000 1.836000 0.852000 1.177000 
13.620000 1.836000 0.852000 1.197000 
13.640000 1.836000 0.852000 1.197000 
13.660000 1.836000 0.852000 1.197000 
13.680000 1.836000 0.852000 1.197000 
13.700000 1.836000 0.852000 1.197000 
13.720000 1.836000 0.852000 1.197000 
13.740000 1.836000 0.852000 1.217000 
13.760000 1.916000 0.792000 1.237000 
13.780000 1.916000 0.792000 1.237000 
13.800000 1.916000 0.792000 1.257000 
13.820000 1.916000 0.792000 1.257000 
13.840000 1.916000 0.792000 1.257000 
13.860000 1.936000 0.792000 1.317000 
13.880000 1.936000 0.792000 1.317000 
13.900000 1.916000 0.852000 1.257000 
13.920000 1.916000 0.852000 1.277000 
13.940000 1.916000 0.792000 1.317000 
13.960000 1.916000 0.792000 1.317000 
13.980000 1.916000 0.792000 1.317000 
14.000000 1.916000 0.772000 1.337000 
14.020000 1.916000 0.712000 1.337000 
14.040000 1.856000 0.672000 1.357000 
14.060000 1.816000 0.672000 1.357000 
14.080000 1.816000 0.672000 1.357000 
14.100000 1.776000 0.712000 1.357000 
14.120000 1.776000 0.712000 1.357000 
14.140000 1.776000 0.772000 1.357000 
14.160000 1.776000 0.772000 1.357000 
14.180000 1.776000 0.772000 1.357000 
14.200000 1.756000 0.772000 1.357000 
14.220000 1.676000 0.772000 1.357000 
14.240000 1.676000 0.772000 1.357000 
14.260000 1.676000 0.772000 1.357000 
14.280000 1.676000 0.772000 1.277000 
14.300000 1.676000 0.772000 1.277000 
14.320000 1.756000 0.712000 1.357000 
14.340000 1.756000 0.692000 1.357000 
14.360000 1.756000 0.692000 1.277000 
14.380000 1.756000 0.672000 1.277000 
14.400000 1.756000 0.672000 1.217000 
14.420000 1.676000 0.672000 1.217000 
14.440000 1.676000 0.692000 1.217000 
14.460000 1.676000 0.692000 1.197000 
14.480000 1.676000 0.692000 1.197000 
14.500000 1.676000 0.672000 1.197000 
14.520000 1.656000 0.672000 1.197000 
14.540000 1.656000 0.692000 1.197000 
14.560000 1.636000 0.692000 1.197000 
14.580000 1.656000 0.652000 1.097000 
14.600000 1.636000 0.652000 1.097000 
14.620000 1.636000 0.652000 1.097000 
14.640000 1.636000 0.652000 1.097000 
14.660000 1.596000 0.652000 1.097000 
14.680000 1.576000 0.652000 1.037000 
14.700000 1.576000 0.652000 1.037000 
14.720000 1.576000 0.652000 1.037000 
14.740000 1.576000 0.872000 1.037000 
14.760000 1.576000 1.052000 1.037000 
14.780000 1.576000 1.072000 1.097000 
14.800000 1.576000 1.072000 1.097000 
14.820000 1.576000 1.072000 1.097000 
14.840000 1.556000 1.072000 1.117000 
14.860000 1.556000 1.052000 1.117000 
14.880000 1.556000 1.052000 1.117000 
14.900000 1.556000 0.952000 1.117000 
14.920000 1.556000 1.032000 1.117000 
14.940000 1.556000 1.032000 1.117000 
14.960000 1.556000 1.032000 1.137000 
14.980000 1.556000 1.012000 1.177000 
15.000000 1.556000 1.012000 1.177000 
15.020000 1.556000 1.012000 1.177000 
15.040000 1.556000 1.032000 1.177000 
15.060000 1.556000 1.072000 1.177000 
15.080000 1.576000 1.032000 1.177000 
15.100000 1.576000 1.072000 1.177000 
15.120000 1.576000 1.072000 1.177000 
15.140000 1.576000 1.032000 1.177000 
15.160000 1.576000 1.032000 1.177000 
15.180000 1.576000 1.012000 1.177000 
15.200000 1.576000 0.952000 1.177000 
15.220000 1.576000 1.012000 1.177000 
15.240000 1.576000 0.952000 1.177000 
15.260000 1.576000 0.952000 1.177000 
15.280000 1.576000 0.952000 1.177000 
15.300000 1.616000 0.952000 1.177000 
15.320000 1.616000 0.992000 1.177000 
15.340000 1.576000 0.832000 1.177000 
15.360000 1.616000 0.832000 1.177000 
15.380000 1.656000 0.832000 1.117000 
15.400000 1.616000 0.952000 1.097000 
15.420000 1.616000 0.952000 1.097000 
15.440000 1.616000 0.952000 1.097000 
15.460000 1.656000 0.812000 1.117000 
15.480000 1.676000 0.792000 1.177000 
15.500000 1.756000 0.792000 1.177000 
15.520000 1.896000 0.792000 1.217000 
15.540000 1.896000 0.732000 1.217000 
15.560000 1.756000 0.672000 1.177000 
15.580000 1.676000 0.672000 1.177000 
15.600000 1.656000 0.672000 1.177000 
15.620000 1.656000 0.732000 1.177000 
15.640000 1.676000 0.732000 1.217000 
15.660000 1.756000 0.792000 1.237000 
15.680000 1.676000 0.792000 1.217000 
15.700000 1.676000 0.852000 1.217000 
15.720000 1.756000 0.852000 1.237000 
15.740000 1.916000 0.792000 1.237000 
15.760000 1.916000 0.792000 1.237000 
15.780000 1.916000 0.792000 1.237000 
15.800000 1.916000 0.792000 1.237000 
15.820000 1.936000 0.772000 1.257000 
15.840000 1.916000 0.792000 1.257000 
15.860000 1.696000 0.772000 1.257000 
15.880000 1.696000 0.832000 1.257000 
15.900000 1.696000 0.832000 1.237000 
15.920000 1.676000 0.852000 1.217000 
15.940000 1.676000 0.852000 1.177000 
15.960000 1.696000 0.852000 1.177000 
15.980000 1.916000 0.852000 1.217000 
16.000000 1.916000 0.852000 1.237000 
16.020000 1.916000 0.832000 1.237000 
16.040000 1.916000 0.832000 1.177000 
16.060000 1.916000 0.792000 1.097000 
16.080000 1.916000 0.792000 1.097000 
16.100000 1.916000 0.792000 1.177000 
16.120000 1.916000 0.792000 1.177000 
16.140000 1.916000 0.772000 1.177000 
16.160000 1.916000 0.652000 1.177000 
16.180000 1.936000 0.652000 1.237000 
16.200000 1.936000 0.652000 1.257000 
16.220000 1.936000 0.632000 1.257000 
16.240000 1.936000 0.652000 1.257000 
16.260000 1.936000 0.652000 1.257000 
16.280000 1.936000 0.792000 1.237000 
16.300000 1.936000 0.752000 1.237000 
16.320000 1.936000 0.752000 1.237000 
16.340000 1.936000 0.752000 1.237000 
16.360000 1.936000 0.752000 1.237000 
16.380000 1.936000 0.752000 1.237000 
16.400000 1.936000 0.752000 1.237000 
16.420000 1.916000 0.752000 1.237000 
16.440000 1.916000 0.792000 1.237000 
16.460000 1.916000 0.792000 1.237000 
16.480000 1.916000 0.832000 1.237000 
16.500000 1.936000 0.792000 1.237000 
16.520000 1.936000 0.792000 1.237000 
16.540000 1.916000 0.812000 1.217000 
16.560000 1.916000 0.812000 1.197000 
16.580000 1.716000 0.832000 1.137000 
16.600000 1.676000 0.852000 1.137000 
16.620000 1.616000 0.852000 1.137000 
16.640000 1.636000 0.852000 1.137000 
16.660000 1.616000 0.932000 1.137000 
16.680000 1.636000 0.852000 1.137000 
16.700000 1.636000 0.852000 1.137000 
16.720000 1.636000 0.852000 1.117000 
16.740000 1.636000 0.852000 1.117000 
16.760000 1.636000 0.832000 1.117000 
16.780000 1.636000 0.832000 1.137000 
16.800000 1.636000 0.892000 1.137000 
16.820000 1.636000 0.892000 1.117000 
16.840000 1.636000 0.892000 1.097000 
16.860000 1.656000 0.812000 1.077000 
16.880000 1.676000 0.792000 1.037000 
16.900000 1.676000 0.792000 1.037000 
16.920000 1.676000 0.812000 1.037000 
16.940000 1.676000 0.812000 1.037000 
16.960000 1.676000 0.812000 0.997000 
16.980000 1.696000 0.812000 0.997000 
17.000000 1.696000 0.752000 0.997000 
17.020000 1.696000 0.652000 0.997000 
17.040000 1.696000 0.632000 0.997000 
17.060000 1.696000 0.632000 1.157000 
17.080000 1.696000 0.592000 1.157000 
17.100000 1.716000 0.632000 1.197000 
17.120000 1.716000 0.592000 1.157000 
17.140000 1.716000 0.632000 1.197000 
17.160000 1.736000 0.652000 1.197000 
17.180000 1.716000 0.652000 1.157000 
17.200000 1.696000 0.652000 1.157000 
17.220000 1.696000 0.652000 1.197000 
17.240000 1.716000 0.652000 1.197000 
17.260000 1.696000 0.652000 1.197000 
17.280000 1.696000 0.652000 1.197000 
17.300000 1.696000 0.672000 1.217000 
17.320000 1.696000 0.672000 1.217000 
17.340000 1.696000 0.672000 1.197000 
17.360000 1.696000 0.672000 1.197000 
17.380000 1.676000 0.832000 1.197000 
17.400000 1.676000 0.852000 1.197000 
17.420000 1.676000 0.852000 1.197000 
17.440000 1.676000 0.852000 1.197000 
17.460000 1.696000 0.852000 1.197000 
17.480000 1.676000 0.852000 1.197000 
17.500000 1.676000 0.852000 1.197000 
17.520000 1.596000 0.852000 1.197000 
17.540000 1.676000 0.852000 1.197000 
17.560000 1.816000 0.852000 1.217000 
17.580000 1.816000 0.852000 1.217000 
17.600000 1.896000 0.852000 1.237000 
17.620000 1.896000 0.852000 1.237000 
17.640000 1.916000 0.832000 1.237000 
17.660000 1.896000 0.832000 1.217000 
17.680000 1.896000 0.832000 1.217000 
17.700000 1.816000 0.812000 1.197000 
17.720000 1.736000 0.792000 1.197000 
17.740000 1.736000 0.772000 1.197000 
17.760000 1.736000 0.712000 1.217000 
17.780000 1.736000 0.692000 1.237000 
17.800000 1.736000 0.692000 1.237000 
17.820000 1.816000 0.692000 1.237000 
17.840000 1.816000 0.692000 1.237000 
17.860000 1.816000 0.692000 1.237000 
17.880000 1.816000 0.712000 1.237000 
17.900000 1.836000 0.712000 1.237000 
17.920000 1.836000 0.712000 1.237000 
17.940000 1.836000 0.672000 1.237000 
17.960000 1.836000 0.712000 1.237000 
17.980000 1.816000 0.752000 1.237000 
18.000000 1.736000 0.772000 1.237000 
18.020000 1.736000 0.752000 1.237000 
18.040000 1.816000 0.752000 1.237000 
18.060000 1.816000 0.772000 1.237000 
18.080000 1.816000 0.772000 1.237000 
18.100000 1.816000 0.772000 1.237000 
18.120000 1.816000 0.772000 1.237000 
18.140000 1.816000 0.792000 1.237000 
18.160000 1.716000 0.832000 1.197000 
18.180000 1.716000 0.872000 1.177000 
18.200000 1.716000 1.012000 1.177000 
18.220000 1.716000 1.012000 1.177000 
18.240000 1.716000 1.012000 1.177000 
18.260000 1.716000 1.012000 1.157000 
18.280000 1.616000 1.012000 1.157000 
18.300000 1.616000 1.012000 1.157000 
18.320000 1.616000 1.012000 1.157000 
18.340000 1.656000 1.012000 1.157000 
18.360000 1.716000 1.012000 1.177000 
18.380000 1.656000 1.012000 1.157000 
18.400000 1.636000 0.912000 1.157000 
18.420000 1.616000 1.012000 1.157000 
18.440000 1.596000 1.012000 1.157000 
18.460000 1.596000 1.012000 1.157000 
18.480000 1.596000 1.012000 1.157000 
18.500000 1.616000 0.992000 1.157000 
18.520000 1.616000 0.992000 1.157000 
18.540000 1.616000 0.992000 1.157000 
18.560000 1.616000 0.992000 1.177000 
18.580000 1.636000 0.992000 1.137000 
18.600000 1.636000 0.912000 1.117000 
18.620000 1.636000 0.872000 1.117000 
18.640000 1.636000 0.872000 1.137000 
18.660000 1.636000 0.912000 1.137000 
18.680000 1.636000 0.992000 1.177000 
18.700000 1.636000 0.992000 1.177000 
18.720000 1.596000 1.012000 1.177000 
18.740000 1.596000 0.992000 1.177000 
18.760000 1.596000 0.992000 1.177000 
18.780000 1.596000 0.992000 1.177000 
18.800000 1.596000 0.992000 1.197000 
18.820000 1.576000 0.992000 1.177000 
18.840000 1.576000 0.992000 1.177000 
18.860000 1.596000 0.992000 1.197000 
18.880000 1.596000 0.952000 1.177000 
18.900000 1.596000 0.952000 1.177000 
18.920000 1.596000 0.952000 1.177000 
18.940000 1.596000 0.872000 1.177000 
18.960000 1.616000 0.872000 1.177000 
18.980000 1.616000 0.872000 1.177000 
19.000000 1.616000 0.872000 1.177000 
19.020000 1.616000 0.872000 1.197000 
19.040000 1.616000 0.872000 1.197000 
19.060000 1.616000 0.872000 1.197000 
19.080000 1.636000 0.772000 1.197000 
19.100000 1.696000 0.772000 1.197000 
19.120000 1.696000 0.772000 1.197000 
19.140000 1.696000 0.772000 1.157000 
19.160000 1.696000 0.772000 1.157000 
19.180000 1.636000 0.872000 1.157000 
19.200000 1.696000 0.772000 1.157000 
19.220000 1.716000 0.772000 1.157000 
19.240000 1.736000 0.772000 1.157000 
19.260000 1.756000 0.772000 1.217000 
19.280000 1.756000 0.772000 1.157000 
19.300000 1.756000 0.772000 1.217000 
19.320000 1.756000 0.772000 1.217000 
19.340000 1.756000 0.812000 1.217000 
19.360000 1.836000 0.812000 1.217000 
19.380000 1.736000 0.812000 1.177000 
19.400000 1.736000 0.812000 1.177000 
19.420000 1.736000 0.812000 1.177000 
19.440000 1.736000 0.812000 1.177000 
19.460000 1.736000 0.992000 1.177000 
19.480000 1.736000 0.992000 1.177000 
19.500000 1.616000 1.012000 1.177000 
19.520000 1.616000 1.012000 1.177000 
19.540000 1.736000 0.992000 1.177000 
19.560000 1.736000 0.932000 1.177000 
19.580000 1.736000 0.932000 1.177000 
19.600000 1.736000 0.912000 1.177000 
19.620000 1.616000 0.932000 1.177000 
19.640000 1.616000 0.932000 1.177000 
19.660000 1.616000 0.932000 1.177000 
19.680000 1.596000 0.992000 1.177000 
19.700000 1.596000 0.992000 1.177000 
19.720000 1.596000 0.952000 1.177000 
19.740000 1.576000 0.992000 1.157000 
19.760000 1.576000 0.992000 1.117000 
19.780000 1.576000 0.992000 1.117000 
19.800000 1.576000 0.992000 1.117000 
19.820000 1.596000 0.992000 1.117000 
19.840000 1.596000 0.992000 1.157000 
19.860000 1.596000 0.992000 1.117000 
19.880000 1.596000 0.992000 1.077000 
19.900000 1.576000 0.992000 1.077000 
19.920000 1.596000 0.952000 1.117000 
19.940000 1.596000 0.952000 1.077000 
19.960000 1.596000 0.952000 1.077000 
19.980000 1.596000 0.992000 1.077000 
20.000000 1.616000 0.992000 1.077000 
20.020000 1.636000 0.992000 1.117000 
20.040000 1.756000 0.992000 1.157000 
20.060000 1.816000 0.952000 1.217000 
20.080000 1.816000 0.952000 1.217000 
20.100000 1.816000 0.792000 1.217000 
20.120000 1.916000 0.752000 1.197000 
20.140000 1.936000 0.692000 1.217000 
20.160000 1.936000 0.672000 1.217000 
20.180000 1.936000 0.672000 1.237000 
20.200000 1.936000 0.692000 1.237000 
20.220000 1.936000 0.692000 1.237000 
20.240000 1.936000 0.692000 1.217000 
20.260000 1.936000 0.692000 1.217000 
20.280000 1.936000 0.692000 1.217000 
20.300000 1.936000 0.752000 1.217000 
20.320000 1.936000 0.752000 1.197000 
20.340000 1.816000 0.792000 1.117000 
20.360000 1.816000 0.812000 1.197000 
20.380000 1.916000 0.832000 1.237000 
20.400000 1.916000 0.832000 1.237000 
20.420000 1.916000 0.812000 1.237000 
20.440000 1.916000 0.832000 1.217000 
20.460000 1.916000 0.832000 1.217000 
20.480000 1.836000 0.832000 1.197000 
20.500000 1.776000 0.852000 1.177000 
20.520000 1.776000 0.912000 1.177000 
20.540000 1.776000 0.912000 1.177000 
20.560000 1.776000 0.912000 1.177000 
20.580000 1.776000 0.912000 1.177000 
20.600000 1.776000 0.912000 1.177000 
20.620000 1.756000 0.912000 1.217000 
20.640000 1.736000 0.852000 1.217000 
20.660000 1.736000 0.832000 1.237000 
20.680000 1.756000 0.832000 1.237000 
20.700000 1.776000 0.832000 1.237000 
20.720000 1.776000 0.832000 1.257000 
20.740000 1.776000 0.792000 1.257000 
20.760000 1.776000 0.732000 1.257000 
20.780000 1.756000 0.732000 1.257000 
20.800000 1.756000 0.732000 1.257000 
20.820000 1.756000 0.732000 1.257000 
20.840000 1.756000 0.732000 1.257000 
20.860000 1.776000 0.732000 1.257000 
20.880000 1.776000 0.732000 1.237000 
20.900000 1.756000 0.732000 1.237000 
20.920000 1.756000 0.732000 1.237000 
20.940000 1.756000 0.732000 1.237000 
20.960000 1.756000 0.732000 1.237000 
20.980000 1.756000 0.732000 1.237000 
21.000000 1.756000 0.732000 1.237000 
21.020000 1.756000 0.732000 1.237000 
21.040000 1.776000 0.732000 1.237000 
21.060000 1.776000 0.732000 1.157000 
21.080000 1.776000 0.732000 1.077000 
21.100000 1.756000 0.692000 1.077000 
21.120000 1.756000 0.672000 1.057000 
21.140000 1.756000 0.672000 1.057000 
21.160000 1.736000 0.692000 1.017000 
21.180000 1.756000 0.692000 1.017000 
21.200000 1.736000 0.692000 1.017000 
21.220000 1.736000 0.672000 1.017000 
21.240000 1.736000 0.672000 1.057000 
21.260000 1.736000 0.692000 1.057000 
21.280000 1.736000 0.792000 1.077000 
21.300000 1.736000 0.812000 1.077000 
21.320000 1.936000 0.792000 1.157000 
21.340000 1.936000 0.792000 1.157000 
21.360000 1.956000 0.792000 1.217000 
21.380000 1.956000 0.792000 1.217000 
21.400000 1.956000 0.792000 1.217000 
21.420000 1.956000 0.732000 1.217000 
21.440000 1.956000 0.692000 1.217000 
21.460000 1.936000 0.732000 1.217000 
21.480000 1.936000 0.792000 1.217000 
21.500000 1.936000 0.792000 1.217000 
21.520000 1.936000 0.792000 1.217000 
21.540000 1.936000 0.812000 1.217000 
21.560000 1.956000 0.812000 1.237000 
21.580000 1.956000 0.812000 1.237000 
21.600000 1.936000 0.812000 1.217000 
21.620000 1.936000 0.812000 1.237000 
21.640000 1.936000 0.812000 1.217000 
21.660000 1.836000 0.812000 1.217000 
21.680000 1.836000 0.832000 1.217000 
21.700000 1.756000 0.892000 1.117000 
21.720000 1.756000 0.892000 1.117000 
21.740000 1.756000 0.892000 1.117000 
21.760000 1.656000 0.892000 1.117000 
21.780000 1.656000 0.892000 1.117000 
21.800000 1.656000 0.892000 1.097000 
21.820000 1.636000 0.932000 1.097000 
21.840000 1.636000 0.932000 1.117000 
21.860000 1.636000 0.952000 1.117000 
21.880000 1.636000 0.952000 1.117000 
21.900000 1.656000 0.932000 1.117000 
21.920000 1.656000 0.932000 1.137000 
21.940000 1.636000 0.932000 1.137000 
21.960000 1.636000 0.932000 1.117000 
21.980000 1.636000 0.932000 1.117000 
22.000000 1.636000 0.932000 1.117000 
22.020000 1.636000 0.932000 1.137000 
22.040000 1.636000 0.932000 1.117000 
22.060000 1.636000 0.832000 1.137000 
22.080000 1.636000 0.832000 1.137000 
22.100000 1.636000 0.932000 1.117000 
22.120000 1.636000 0.792000 1.137000 
22.140000 1.636000 0.932000 1.117000 
22.160000 1.636000 0.932000 1.117000 
22.180000 1.616000 0.932000 1.137000 
22.200000 1.596000 0.932000 1.137000 
22.220000 1.596000 0.932000 1.137000 
22.240000 1.596000 0.932000 1.137000 
22.260000 1.616000 0.932000 1.197000 
22.280000 1.636000 0.792000 1.197000 
22.300000 1.636000 0.792000 1.197000 
22.320000 1.636000 0.792000 1.197000 
22.340000 1.616000 0.792000 1.197000 
22.360000 1.616000 0.832000 1.197000 
22.380000 1.596000 0.932000 1.197000 
22.400000 1.616000 0.932000 1.197000 
22.420000 1.616000 0.932000 1.197000 
22.440000 1.676000 0.832000 1.197000 
22.460000 1.596000 0.832000 1.197000 
22.480000 1.596000 1.032000 1.197000 
22.500000 1.596000 1.032000 1.197000 
22.520000 1.596000 1.012000 1.197000 
22.540000 1.596000 1.012000 1.197000 
22.560000 1.836000 0.972000 1.197000 
22.580000 1.836000 0.972000 1.197000 
22.600000 1.916000 0.952000 1.197000 
22.620000 1.916000 0.952000 1.197000 
22.640000 1.916000 0.952000 1.197000 
22.660000 1.916000 0.952000 1.197000 
22.680000 1.916000 0.952000 1.217000 
22.700000 1.916000 0.952000 1.217000 
22.720000 1.916000 0.952000 1.217000 
22.740000 1.836000 0.952000 1.217000 
22.760000 1.836000 0.732000 1.217000 
22.780000 1.916000 0.692000 1.217000 
22.800000 1.916000 0.672000 1.177000 
22.820000 1.836000 0.692000 1.217000 
22.840000 1.756000 0.692000 1.217000 
22.860000 1.696000 0.692000 1.217000 
22.880000 1.696000 0.672000 1.217000 
22.900000 1.756000 0.672000 1.257000 
22.920000 1.696000 0.692000 1.257000 
22.940000 1.756000 0.672000 1.257000 
22.960000 1.756000 0.672000 1.257000 
22.980000 1.756000 0.672000 1.257000 
23.000000 1.756000 0.652000 1.257000 
23.020000 1.696000 0.652000 1.257000 
23.040000 1.656000 0.652000 1.177000 
23.060000 1.696000 0.652000 1.037000 
23.080000 1.696000 0.652000 1.137000 
23.100000 1.716000 0.672000 1.137000 
23.120000 1.716000 0.672000 1.137000 
23.140000 1.716000 0.672000 1.137000 
23.160000 1.736000 0.672000 1.177000 
23.180000 1.736000 0.672000 1.177000 
23.200000 1.716000 0.672000 1.177000 
23.220000 1.736000 0.672000 1.177000 
23.240000 1.736000 0.672000 1.137000 
23.260000 1.736000 0.712000 1.137000 
23.280000 1.756000 0.712000 1.177000 
23.300000 1.756000 0.772000 1.137000 
23.320000 1.736000 0.772000 1.097000 
23.340000 1.736000 0.772000 1.097000 
23.360000 1.716000 0.912000 1.097000 
23.380000 1.716000 0.912000 1.097000 
23.400000 1.696000 0.912000 1.097000 
23.420000 1.696000 0.912000 1.137000 
23.440000 1.696000 0.992000 1.137000 
23.460000 1.696000 0.792000 1.137000 
23.480000 1.636000 0.792000 1.137000 
23.500000 1.616000 0.792000 1.097000 
23.520000 1.616000 0.712000 1.097000 
23.540000 1.616000 0.712000 1.077000 
23.560000 1.616000 0.792000 1.057000 
23.580000 1.616000 0.712000 1.057000 
23.600000 1.616000 0.712000 1.057000 
23.620000 1.616000 0.792000 1.057000 
23.640000 1.596000 0.912000 1.057000 
23.660000 1.596000 0.912000 1.077000 
23.680000 1.596000 0.912000 1.097000 
23.700000 1.596000 0.912000 1.097000 
23.720000 1.596000 0.912000 1.097000 
23.740000 1.596000 0.912000 1.097000 
23.760000 1.616000 0.792000 1.097000 
23.780000 1.636000 0.712000 1.057000 
23.800000 1.636000 0.792000 1.057000 
23.820000 1.656000 0.912000 1.057000 
23.840000 1.616000 0.932000 1.057000 
23.860000 1.656000 0.912000 1.057000 
23.880000 1.656000 0.932000 1.097000 
23.900000 1.656000 0.932000 1.097000 
23.920000 1.676000 0.932000 1.097000 
23.940000 1.676000 0.932000 1.057000 
23.960000 1.676000 0.912000 1.097000 
23.980000 1.676000 0.692000 1.097000 
24.000000 1.676000 0.932000 1.097000 
24.020000 1.656000 1.012000 1.097000 
24.040000 1.656000 1.012000 1.097000 
24.060000 1.656000 1.012000 1.117000 
24.080000 1.676000 0.932000 1.117000 
24.100000 1.676000 0.692000 1.117000 
24.120000 1.676000 0.692000 1.117000 
24.140000 1.676000 0.692000 1.117000 
24.160000 1.716000 0.692000 1.177000 
24.180000 1.776000 0.692000 1.197000 
24.200000 1.776000 0.772000 1.217000 
24.220000 1.776000 0.772000 1.197000 
24.240000 1.776000 0.712000 1.197000 
24.260000 1.836000 0.712000 1.217000 
24.280000 1.776000 0.772000 1.217000 
24.300000 1.776000 0.772000 1.217000 
24.320000 1.716000 0.832000 1.217000 
24.340000 1.636000 0.832000 1.217000 
24.360000 1.556000 0.832000 1.217000 
24.380000 1.556000 0.832000 1.217000 
24.400000 1.556000 0.832000 1.217000 
24.420000 1.576000 0.832000 1.217000 
24.440000 1.576000 0.792000 1.217000 
24.460000 1.636000 0.792000 1.217000 
24.480000 1.636000 0.792000 1.197000 
24.500000 1.636000 0.792000 1.217000 
24.520000 1.736000 0.832000 1.257000 
24.540000 1.696000 0.832000 1.217000 
24.560000 1.736000 0.832000 1.217000 
24.580000 1.696000 0.832000 1.197000 
24.600000 1.636000 0.832000 1.197000 
24.620000 1.576000 0.852000 1.197000 
24.640000 1.576000 0.852000 1.197000 
24.660000 1.576000 0.952000 1.197000 
24.680000 1.576000 0.952000 1.197000 
24.700000 1.576000 0.852000 1.197000 
24.720000 1.636000 0.832000 1.217000 
24.740000 1.696000 0.792000 1.217000 
24.760000 1.696000 0.792000 1.217000 
24.780000 1.696000 0.792000 1.217000 
24.800000 1.696000 0.792000 1.217000 
24.820000 1.636000 0.752000 1.157000 
24.840000 1.576000 0.712000 1.097000 
24.860000 1.576000 0.712000 1.097000 
24.880000 1.576000 0.612000 1.097000 
24.900000 1.576000 0.612000 1.077000 
24.920000 1.576000 0.612000 0.997000 
24.940000 1.536000 0.592000 0.877000 
