0.000000 0.150000 0.290000 1.120000 
0.020000 0.230000 0.290000 1.260000 
0.040000 0.230000 0.310000 1.260000 
0.060000 0.230000 0.310000 1.340000 
0.080000 0.250000 0.310000 1.340000 
0.100000 0.250000 0.376754 1.340000 
0.120000 0.289534 0.376754 1.340000 
0.140000 0.289534 0.376754 1.340000 
0.160000 0.289534 0.376754 1.340000 
0.180000 0.289534 0.376754 1.340000 
0.200000 0.289534 0.376754 1.340000 
0.220000 0.289534 0.376754 1.340000 
0.240000 0.289534 0.376754 1.292838 
0.260000 0.289534 0.376754 1.292838 
0.280000 NaN NaN NaN 
0.300000 NaN NaN NaN 
0.320000 NaN NaN NaN 
0.340000 NaN NaN NaN 
0.360000 NaN NaN NaN 
0.380000 NaN NaN NaN 
0.400000 NaN NaN NaN 
0.420000 NaN NaN NaN 
0.440000 NaN NaN NaN 
0.460000 NaN NaN NaN 
0.480000 0.289534 0.376754 1.292838 
0.500000 0.289534 0.376754 1.292838 
0.520000 0.289534 0.376754 1.292838 
0.540000 0.289534 0.376754 1.340000 
0.560000 0.290000 0.376754 1.340000 
0.580000 NaN NaN NaN 
0.600000 NaN NaN NaN 
0.620000 NaN NaN NaN 
0.640000 0.310000 0.370000 1.360000 
0.660000 0.310000 0.370000 1.360000 
0.680000 0.310000 0.370000 1.360000 
0.700000 0.310000 0.370000 1.360000 
0.720000 0.310000 0.370000 1.360000 
0.740000 0.310000 0.370000 1.360000 
0.760000 0.310000 0.370000 1.360000 
0.780000 0.310000 0.370000 1.360000 
0.800000 0.310000 0.370000 1.360000 
0.820000 0.310000 0.370000 1.360000 
0.840000 0.310000 0.370000 1.360000 
0.860000 0.310000 0.376754 1.360000 
0.880000 NaN NaN NaN 
0.900000 NaN NaN NaN 
0.920000 NaN NaN NaN 
0.940000 NaN NaN NaN 
0.960000 NaN NaN NaN 
0.980000 NaN NaN NaN 
1.000000 NaN NaN NaN 
1.020000 NaN NaN NaN 
1.040000 NaN NaN NaN 
1.060000 0.289534 0.370000 1.292838 
1.080000 0.310000 0.376754 1.360000 
1.100000 0.310000 0.370000 1.360000 
1.120000 0.310000 0.370000 1.360000 
1.140000 0.310000 0.370000 1.360000 
1.160000 0.310000 0.370000 1.360000 
1.180000 0.310000 0.370000 1.360000 
1.200000 0.310000 0.370000 1.360000 
1.220000 0.310000 0.370000 1.360000 
1.240000 0.310000 0.370000 1.360000 
1.260000 0.310000 0.370000 1.360000 
1.280000 0.310000 0.370000 1.360000 
1.300000 0.310000 0.370000 1.360000 
1.320000 0.310000 0.370000 1.360000 
1.340000 0.310000 0.370000 1.360000 
1.360000 0.290000 0.370000 1.360000 
1.380000 0.289534 0.370000 1.360000 
1.400000 0.289534 0.376754 1.292838 
1.420000 NaN NaN NaN 
1.440000 NaN NaN NaN 
1.460000 NaN NaN NaN 
1.480000 NaN NaN NaN 
1.500000 NaN NaN NaN 
1.520000 NaN NaN NaN 
1.540000 NaN NaN NaN 
1.560000 NaN NaN NaN 
1.580000 NaN NaN NaN 
1.600000 NaN NaN NaN 
1.620000 NaN NaN NaN 
1.640000 NaN NaN NaN 
1.660000 NaN NaN NaN 
1.680000 NaN NaN NaN 
1.700000 NaN NaN NaN 
1.720000 NaN NaN NaN 
1.740000 NaN NaN NaN 
1.760000 NaN NaN NaN 
1.780000 NaN NaN NaN 
1.800000 NaN NaN NaN 
1.820000 NaN NaN NaN 
1.840000 NaN NaN NaN 
1.860000 NaN NaN NaN 
1.880000 NaN NaN NaN 
1.900000 NaN NaN NaN 
1.920000 NaN NaN NaN 
1.940000 NaN NaN NaN 
1.960000 NaN NaN NaN 
1.980000 NaN NaN NaN 
2.000000 NaN NaN NaN 
2.020000 NaN NaN NaN 
2.040000 NaN NaN NaN 
2.060000 NaN NaN NaN 
2.080000 0.289534 0.376754 1.292838 
2.100000 0.290000 0.376754 1.320000 
2.120000 0.290000 0.376754 1.320000 
2.140000 0.290000 0.376754 1.320000 
2.160000 0.290000 0.376754 1.340000 
2.180000 0.290000 0.376754 1.340000 
2.200000 0.290000 0.370000 1.360000 
2.220000 0.310000 0.370000 1.360000 
2.240000 0.310000 0.370000 1.360000 
2.260000 0.310000 0.370000 1.360000 
2.280000 0.310000 0.370000 1.360000 
2.300000 0.310000 0.370000 1.360000 
2.320000 0.310000 0.370000 1.360000 
2.340000 0.310000 0.376754 1.360000 
2.360000 0.310000 0.376754 1.360000 
2.380000 0.310000 0.376754 1.360000 
2.400000 0.290000 0.376754 1.360000 
2.420000 0.290000 0.390000 1.340000 
2.440000 0.290000 0.390000 1.340000 
2.460000 0.290000 0.390000 1.340000 
2.480000 0.290000 0.390000 1.340000 
2.500000 0.290000 0.390000 1.340000 
2.520000 0.290000 0.390000 1.340000 
2.540000 NaN NaN NaN 
2.560000 NaN NaN NaN 
2.580000 0.290000 0.390000 1.340000 
2.600000 0.290000 0.390000 1.340000 
2.620000 0.290000 0.390000 1.340000 
2.640000 0.290000 0.390000 1.340000 
2.660000 0.290000 0.390000 1.340000 
2.680000 0.290000 0.390000 1.340000 
2.700000 0.290000 0.390000 1.340000 
2.720000 0.290000 0.390000 1.340000 
2.740000 0.290000 0.390000 1.340000 
2.760000 0.290000 0.390000 1.340000 
2.780000 0.290000 0.390000 1.340000 
2.800000 0.290000 0.390000 1.340000 
2.820000 0.290000 0.390000 1.340000 
2.840000 0.290000 0.390000 1.340000 
2.860000 NaN NaN NaN 
2.880000 NaN NaN NaN 
2.900000 NaN NaN NaN 
2.920000 0.290000 0.390000 1.340000 
2.940000 0.290000 0.376754 1.340000 
2.960000 0.290000 0.376754 1.340000 
2.980000 0.290000 0.376754 1.340000 
3.000000 0.290000 0.376754 1.292838 
3.020000 0.290000 0.376754 1.340000 
3.040000 0.290000 0.376754 1.340000 
3.060000 0.290000 0.376754 1.340000 
3.080000 NaN NaN NaN 
3.100000 NaN NaN NaN 
3.120000 NaN NaN NaN 
3.140000 NaN NaN NaN 
3.160000 0.290000 0.376754 1.340000 
3.180000 NaN NaN NaN 
3.200000 NaN NaN NaN 
3.220000 0.289534 0.376754 1.292838 
3.240000 0.289534 0.376754 1.292838 
3.260000 0.289534 0.376754 1.292838 
3.280000 0.289534 0.376754 1.292838 
3.300000 0.289534 0.376754 1.292838 
3.320000 0.289534 0.376754 1.292838 
3.340000 0.290000 0.376754 1.340000 
3.360000 0.290000 0.376754 1.340000 
3.380000 NaN NaN NaN 
3.400000 NaN NaN NaN 
3.420000 NaN NaN NaN 
3.440000 NaN NaN NaN 
3.460000 NaN NaN NaN 
3.480000 0.310000 0.376754 1.340000 
3.500000 0.310000 0.390000 1.360000 
3.520000 0.310000 0.376754 1.340000 
3.540000 0.310000 0.376754 1.292838 
3.560000 0.310000 0.390000 1.292838 
3.580000 NaN NaN NaN 
3.600000 NaN NaN NaN 
3.620000 0.289534 0.376754 1.292838 
3.640000 0.289534 0.376754 1.292838 
3.660000 0.289534 0.376754 1.292838 
3.680000 0.289534 0.376754 1.292838 
3.700000 0.289534 0.376754 1.292838 
3.720000 NaN NaN NaN 
3.740000 NaN NaN NaN 
3.760000 0.289534 0.376754 1.292838 
3.780000 0.289534 0.376754 1.292838 
3.800000 NaN NaN NaN 
3.820000 NaN NaN NaN 
3.840000 NaN NaN NaN 
3.860000 NaN NaN NaN 
3.880000 NaN NaN NaN 
3.900000 NaN NaN NaN 
3.920000 NaN NaN NaN 
3.940000 0.289534 0.376754 1.292838 
3.960000 0.289534 0.376754 1.292838 
3.980000 0.289534 0.376754 1.292838 
4.000000 0.289534 0.376754 1.292838 
4.020000 0.289534 0.376754 1.292838 
4.040000 0.290000 0.376754 1.340000 
4.060000 0.290000 0.376754 1.340000 
4.080000 0.290000 0.376754 1.340000 
4.100000 0.290000 0.376754 1.340000 
4.120000 NaN NaN NaN 
4.140000 NaN NaN NaN 
4.160000 NaN NaN NaN 
4.180000 NaN NaN NaN 
4.200000 NaN NaN NaN 
4.220000 0.289534 0.376754 1.292838 
4.240000 0.289534 0.376754 1.292838 
4.260000 0.289534 0.376754 1.292838 
4.280000 0.289534 0.376754 1.292838 
4.300000 NaN NaN NaN 
4.320000 NaN NaN NaN 
4.340000 NaN NaN NaN 
4.360000 NaN NaN NaN 
4.380000 NaN NaN NaN 
4.400000 NaN NaN NaN 
4.420000 NaN NaN NaN 
4.440000 NaN NaN NaN 
4.460000 NaN NaN NaN 
4.480000 NaN NaN NaN 
4.500000 NaN NaN NaN 
4.520000 NaN NaN NaN 
4.540000 0.289534 0.376754 1.292838 
4.560000 0.289534 0.376754 1.292838 
4.580000 0.289534 0.376754 1.292838 
4.600000 0.289534 0.376754 1.292838 
4.620000 0.289534 0.376754 1.292838 
4.640000 NaN NaN NaN 
4.660000 NaN NaN NaN 
4.680000 NaN NaN NaN 
4.700000 0.289534 0.376754 1.292838 
4.720000 0.289534 0.376754 1.292838 
4.740000 0.289534 0.376754 1.292838 
4.760000 0.289534 0.376754 1.292838 
4.780000 0.289534 0.376754 1.292838 
4.800000 0.289534 0.376754 1.292838 
4.820000 0.289534 0.376754 1.292838 
4.840000 0.289534 0.376754 1.292838 
4.860000 0.289534 0.376754 1.292838 
4.880000 0.289534 0.376754 1.292838 
4.900000 NaN NaN NaN 
4.920000 NaN NaN NaN 
4.940000 NaN NaN NaN 
4.960000 NaN NaN NaN 
4.980000 NaN NaN NaN 
5.000000 NaN NaN NaN 
5.020000 NaN NaN NaN 
5.040000 0.310000 0.376754 1.292838 
5.060000 0.310000 0.390000 1.340000 
5.080000 0.310000 0.376754 1.292838 
5.100000 0.289534 0.376754 1.292838 
5.120000 0.289534 0.376754 1.292838 
5.140000 0.289534 0.376754 1.292838 
5.160000 0.289534 0.376754 1.292838 
5.180000 0.310000 0.376754 1.292838 
5.200000 0.310000 0.376754 1.292838 
5.220000 0.310000 0.376754 1.292838 
5.240000 0.310000 0.376754 1.292838 
5.260000 0.310000 0.376754 1.292838 
5.280000 NaN NaN NaN 
5.300000 NaN NaN NaN 
5.320000 NaN NaN NaN 
5.340000 0.310000 0.376754 1.292838 
5.360000 0.310000 0.390000 1.340000 
5.380000 0.310000 0.390000 1.340000 
5.400000 NaN NaN NaN 
5.420000 NaN NaN NaN 
5.440000 0.310000 0.390000 1.340000 
5.460000 0.290000 0.390000 1.292838 
5.480000 0.290000 0.376754 1.292838 
5.500000 0.290000 0.376754 1.292838 
5.520000 0.290000 0.376754 1.292838 
5.540000 0.290000 0.376754 1.292838 
5.560000 0.290000 0.376754 1.292838 
5.580000 0.290000 0.390000 1.292838 
5.600000 0.290000 0.390000 1.340000 
5.620000 0.290000 0.390000 1.340000 
5.640000 0.290000 0.390000 1.340000 
5.660000 NaN NaN NaN 
5.680000 NaN NaN NaN 
5.700000 NaN NaN NaN 
5.720000 NaN NaN NaN 
5.740000 NaN NaN NaN 
5.760000 NaN NaN NaN 
5.780000 0.289534 0.376754 1.292838 
5.800000 0.289534 0.376754 1.292838 
5.820000 0.289534 0.376754 1.292838 
5.840000 0.289534 0.376754 1.292838 
5.860000 0.289534 0.376754 1.292838 
5.880000 0.289534 0.376754 1.292838 
5.900000 NaN NaN NaN 
5.920000 NaN NaN NaN 
5.940000 NaN NaN NaN 
5.960000 NaN NaN NaN 
5.980000 NaN NaN NaN 
6.000000 NaN NaN NaN 
6.020000 NaN NaN NaN 
6.040000 NaN NaN NaN 
6.060000 NaN NaN NaN 
6.080000 NaN NaN NaN 
6.100000 NaN NaN NaN 
6.120000 NaN NaN NaN 
6.140000 NaN NaN NaN 
6.160000 NaN NaN NaN 
6.180000 NaN NaN NaN 
6.200000 NaN NaN NaN 
6.220000 NaN NaN NaN 
6.240000 NaN NaN NaN 
6.260000 NaN NaN NaN 
6.280000 NaN NaN NaN 
6.300000 NaN NaN NaN 
6.320000 NaN NaN NaN 
6.340000 NaN NaN NaN 
6.360000 NaN NaN NaN 
6.380000 NaN NaN NaN 
6.400000 NaN NaN NaN 
6.420000 NaN NaN NaN 
6.440000 NaN NaN NaN 
6.460000 NaN NaN NaN 
6.480000 NaN NaN NaN 
6.500000 NaN NaN NaN 
6.520000 NaN NaN NaN 
6.540000 NaN NaN NaN 
6.560000 NaN NaN NaN 
6.580000 NaN NaN NaN 
6.600000 NaN NaN NaN 
6.620000 NaN NaN NaN 
6.640000 NaN NaN NaN 
6.660000 NaN NaN NaN 
6.680000 NaN NaN NaN 
6.700000 NaN NaN NaN 
6.720000 NaN NaN NaN 
6.740000 NaN NaN NaN 
6.760000 NaN NaN NaN 
6.780000 NaN NaN NaN 
6.800000 NaN NaN NaN 
6.820000 NaN NaN NaN 
6.840000 NaN NaN NaN 
6.860000 NaN NaN NaN 
6.880000 NaN NaN NaN 
6.900000 NaN NaN NaN 
6.920000 NaN NaN NaN 
6.940000 NaN NaN NaN 
6.960000 NaN NaN NaN 
6.980000 NaN NaN NaN 
7.000000 NaN NaN NaN 
7.020000 NaN NaN NaN 
7.040000 NaN NaN NaN 
7.060000 NaN NaN NaN 
7.080000 NaN NaN NaN 
7.100000 NaN NaN NaN 
7.120000 NaN NaN NaN 
7.140000 NaN NaN NaN 
7.160000 NaN NaN NaN 
7.180000 NaN NaN NaN 
7.200000 NaN NaN NaN 
7.220000 NaN NaN NaN 
7.240000 NaN NaN NaN 
7.260000 NaN NaN NaN 
7.280000 NaN NaN NaN 
7.300000 NaN NaN NaN 
7.320000 NaN NaN NaN 
7.340000 NaN NaN NaN 
7.360000 NaN NaN NaN 
7.380000 NaN NaN NaN 
7.400000 NaN NaN NaN 
7.420000 NaN NaN NaN 
7.440000 NaN NaN NaN 
7.460000 0.289534 0.376754 1.292838 
7.480000 0.289534 0.376754 1.292838 
7.500000 0.289534 0.376754 1.292838 
7.520000 NaN NaN NaN 
7.540000 NaN NaN NaN 
7.560000 0.290000 0.376754 1.292838 
7.580000 0.290000 0.376754 1.300000 
7.600000 0.290000 0.376754 1.320000 
7.620000 0.290000 0.370000 1.320000 
7.640000 0.290000 0.370000 1.320000 
7.660000 0.310000 0.370000 1.340000 
7.680000 0.310000 0.370000 1.340000 
7.700000 0.310000 0.370000 1.340000 
7.720000 0.310000 0.370000 1.360000 
7.740000 0.310000 0.370000 1.360000 
7.760000 0.310000 0.370000 1.360000 
7.780000 0.310000 0.370000 1.360000 
7.800000 0.310000 0.370000 1.360000 
7.820000 0.310000 0.370000 1.360000 
7.840000 0.310000 0.370000 1.360000 
7.860000 0.310000 0.370000 1.360000 
7.880000 0.310000 0.370000 1.360000 
7.900000 0.310000 0.370000 1.360000 
7.920000 0.310000 0.370000 1.360000 
7.940000 0.310000 0.370000 1.360000 
7.960000 0.310000 0.370000 1.360000 
7.980000 0.310000 0.370000 1.360000 
8.000000 0.310000 0.370000 1.360000 
8.020000 0.310000 0.370000 1.360000 
8.040000 0.310000 0.370000 1.360000 
8.060000 0.310000 0.370000 1.360000 
8.080000 0.310000 0.370000 1.360000 
8.100000 NaN NaN NaN 
8.120000 NaN NaN NaN 
8.140000 NaN NaN NaN 
8.160000 NaN NaN NaN 
8.180000 NaN NaN NaN 
8.200000 NaN NaN NaN 
8.220000 NaN NaN NaN 
8.240000 NaN NaN NaN 
8.260000 0.290000 0.376754 1.340000 
8.280000 0.290000 0.376754 1.292838 
8.300000 0.289534 0.376754 1.292838 
8.320000 0.290000 0.376754 1.292838 
8.340000 0.290000 0.376754 1.340000 
8.360000 0.290000 0.376754 1.340000 
8.380000 0.290000 0.376754 1.340000 
8.400000 0.290000 0.376754 1.340000 
8.420000 0.290000 0.390000 1.340000 
8.440000 0.290000 0.390000 1.340000 
8.460000 0.290000 0.390000 1.340000 
8.480000 NaN NaN NaN 
8.500000 NaN NaN NaN 
8.520000 0.290000 0.376754 1.292838 
8.540000 0.290000 0.376754 1.292838 
8.560000 0.290000 0.376754 1.292838 
8.580000 0.289534 0.376754 1.292838 
8.600000 0.289534 0.376754 1.292838 
8.620000 0.289534 0.376754 1.292838 
8.640000 NaN NaN NaN 
8.660000 NaN NaN NaN 
8.680000 NaN NaN NaN 
8.700000 NaN NaN NaN 
8.720000 NaN NaN NaN 
8.740000 0.289534 0.376754 1.292838 
8.760000 0.289534 0.376754 1.292838 
8.780000 0.289534 0.376754 1.292838 
8.800000 0.289534 0.376754 1.292838 
8.820000 NaN NaN NaN 
8.840000 NaN NaN NaN 
8.860000 NaN NaN NaN 
8.880000 0.289534 0.376754 1.292838 
8.900000 0.289534 0.376754 1.292838 
8.920000 0.289534 0.376754 1.292838 
8.940000 0.290000 0.376754 1.340000 
8.960000 NaN NaN NaN 
8.980000 NaN NaN NaN 
9.000000 0.290000 0.376754 1.340000 
9.020000 0.290000 0.376754 1.340000 
9.040000 0.290000 0.376754 1.340000 
9.060000 NaN NaN NaN 
9.080000 NaN NaN NaN 
9.100000 NaN NaN NaN 
9.120000 0.290000 0.376754 1.340000 
9.140000 0.290000 0.376754 1.340000 
9.160000 0.289534 0.376754 1.292838 
9.180000 0.289534 0.376754 1.292838 
9.200000 0.289534 0.376754 1.292838 
9.220000 NaN NaN NaN 
9.240000 NaN NaN NaN 
9.260000 0.289534 0.376754 1.292838 
9.280000 0.289534 0.376754 1.292838 
9.300000 0.289534 0.376754 1.292838 
9.320000 NaN NaN NaN 
9.340000 NaN NaN NaN 
9.360000 NaN NaN NaN 
9.380000 NaN NaN NaN 
9.400000 NaN NaN NaN 
9.420000 NaN NaN NaN 
9.440000 NaN NaN NaN 
9.460000 NaN NaN NaN 
9.480000 0.289534 0.376754 1.292838 
9.500000 0.289534 0.376754 1.292838 
9.520000 0.289534 0.376754 1.292838 
9.540000 0.289534 0.376754 1.292838 
9.560000 0.289534 0.376754 1.292838 
9.580000 0.289534 0.376754 1.292838 
9.600000 0.289534 0.376754 1.292838 
9.620000 NaN NaN NaN 
9.640000 NaN NaN NaN 
9.660000 NaN NaN NaN 
9.680000 NaN NaN NaN 
9.700000 NaN NaN NaN 
9.720000 NaN NaN NaN 
9.740000 0.289534 0.376754 1.292838 
9.760000 0.289534 0.376754 1.292838 
9.780000 0.289534 0.376754 1.292838 
9.800000 NaN NaN NaN 
9.820000 NaN NaN NaN 
9.840000 NaN NaN NaN 
9.860000 NaN NaN NaN 
9.880000 0.289534 0.376754 1.340000 
9.900000 0.289534 0.376754 1.340000 
9.920000 0.289534 0.376754 1.340000 
9.940000 0.289534 0.376754 1.340000 
9.960000 0.289534 0.376754 1.340000 
9.980000 0.289534 0.376754 1.340000 
10.000000 0.289534 0.376754 1.340000 
10.020000 0.289534 0.390000 1.340000 
10.040000 0.289534 0.390000 1.340000 
10.060000 0.289534 0.390000 1.340000 
10.080000 NaN NaN NaN 
10.100000 NaN NaN NaN 
10.120000 NaN NaN NaN 
10.140000 NaN NaN NaN 
10.160000 0.289534 0.376754 1.292838 
10.180000 0.289534 0.376754 1.292838 
10.200000 0.289534 0.376754 1.292838 
10.220000 0.289534 0.376754 1.292838 
10.240000 0.289534 0.376754 1.292838 
10.260000 0.289534 0.376754 1.292838 
10.280000 NaN NaN NaN 
10.300000 NaN NaN NaN 
10.320000 NaN NaN NaN 
10.340000 NaN NaN NaN 
10.360000 NaN NaN NaN 
10.380000 NaN NaN NaN 
10.400000 NaN NaN NaN 
10.420000 0.270000 0.376754 1.292838 
10.440000 0.270000 0.376754 1.292838 
10.460000 0.270000 0.376754 1.292838 
10.480000 0.270000 0.376754 1.360000 
10.500000 0.270000 0.390000 1.360000 
10.520000 0.270000 0.390000 1.360000 
10.540000 0.270000 0.390000 1.360000 
10.560000 0.270000 0.390000 1.360000 
10.580000 0.270000 0.390000 1.360000 
10.600000 0.270000 0.390000 1.360000 
10.620000 0.270000 0.390000 1.360000 
10.640000 0.270000 0.390000 1.360000 
10.660000 0.270000 0.390000 1.360000 
10.680000 0.270000 0.390000 1.360000 
10.700000 0.270000 0.376754 1.360000 
10.720000 0.270000 0.376754 1.360000 
10.740000 0.270000 0.376754 1.360000 
10.760000 0.270000 0.390000 1.360000 
10.780000 0.270000 0.376754 1.360000 
10.800000 0.270000 0.376754 1.360000 
10.820000 0.270000 0.376754 1.340000 
10.840000 0.250000 0.350000 1.320000 
10.860000 0.250000 0.350000 1.292838 
10.880000 0.250000 0.350000 1.292838 
10.900000 NaN NaN NaN 
10.920000 NaN NaN NaN 
10.940000 NaN NaN NaN 
10.960000 0.250000 0.330000 1.292838 
10.980000 0.250000 0.350000 1.292838 
11.000000 0.250000 0.330000 1.292838 
11.020000 0.250000 0.330000 1.292838 
11.040000 0.250000 0.350000 1.292838 
11.060000 0.270000 0.376754 1.292838 
11.080000 0.270000 0.376754 1.292838 
11.100000 0.270000 0.376754 1.292838 
11.120000 0.270000 0.376754 1.292838 
11.140000 0.270000 0.370000 1.292838 
11.160000 0.270000 0.370000 1.320000 
11.180000 0.270000 0.370000 1.340000 
11.200000 0.270000 0.376754 1.340000 
11.220000 0.270000 0.376754 1.340000 
11.240000 NaN NaN NaN 
11.260000 NaN NaN NaN 
11.280000 0.289534 0.376754 1.340000 
11.300000 0.289534 0.376754 1.340000 
11.320000 0.289534 0.376754 1.300000 
11.340000 0.289534 0.376754 1.300000 
11.360000 0.289534 0.376754 1.340000 
11.380000 0.289534 0.376754 1.340000 
11.400000 0.289534 0.376754 1.340000 
11.420000 NaN NaN NaN 
11.440000 NaN NaN NaN 
11.460000 NaN NaN NaN 
11.480000 NaN NaN NaN 
11.500000 NaN NaN NaN 
11.520000 0.289534 0.376754 1.340000 
11.540000 0.289534 0.376754 1.300000 
11.560000 0.289534 0.376754 1.292838 
11.580000 0.289534 0.376754 1.292838 
11.600000 0.289534 0.376754 1.292838 
11.620000 0.289534 0.376754 1.292838 
11.640000 0.289534 0.376754 1.292838 
11.660000 0.289534 0.376754 1.292838 
11.680000 NaN NaN NaN 
11.700000 NaN NaN NaN 
11.720000 NaN NaN NaN 
11.740000 NaN NaN NaN 
11.760000 NaN NaN NaN 
11.780000 NaN NaN NaN 
11.800000 0.289534 0.376754 1.292838 
11.820000 0.289534 0.376754 1.292838 
11.840000 NaN NaN NaN 
11.860000 NaN NaN NaN 
11.880000 NaN NaN NaN 
11.900000 NaN NaN NaN 
11.920000 NaN NaN NaN 
11.940000 NaN NaN NaN 
11.960000 NaN NaN NaN 
11.980000 NaN NaN NaN 
12.000000 NaN NaN NaN 
12.020000 NaN NaN NaN 
12.040000 0.289534 0.376754 1.292838 
12.060000 0.210000 0.310000 1.260000 
12.080000 0.210000 0.310000 1.260000 
12.100000 0.210000 0.310000 1.260000 
12.120000 0.210000 0.310000 1.260000 
12.140000 0.210000 0.310000 1.260000 
12.160000 0.210000 0.310000 1.260000 
12.180000 0.210000 0.310000 1.260000 
12.200000 0.210000 0.310000 1.260000 
12.220000 0.210000 0.310000 1.260000 
12.240000 0.210000 0.310000 1.260000 
12.260000 0.210000 0.310000 1.260000 
12.280000 0.210000 0.310000 1.260000 
12.300000 0.210000 0.310000 1.320000 
12.320000 0.210000 0.310000 1.320000 
12.340000 0.210000 0.310000 1.320000 
12.360000 0.210000 0.310000 1.320000 
12.380000 0.250000 0.330000 1.320000 
12.400000 0.289534 0.330000 1.320000 
12.420000 0.289534 0.370000 1.340000 
12.440000 0.289534 0.370000 1.340000 
12.460000 0.289534 0.370000 1.340000 
12.480000 0.289534 0.370000 1.340000 
12.500000 0.289534 0.376754 1.340000 
12.520000 0.289534 0.376754 1.320000 
12.540000 0.289534 0.376754 1.292838 
12.560000 0.289534 0.376754 1.292838 
12.580000 NaN NaN NaN 
12.600000 NaN NaN NaN 
12.620000 0.289534 0.376754 1.292838 
12.640000 0.289534 0.376754 1.292838 
12.660000 0.289534 0.376754 1.292838 
12.680000 NaN NaN NaN 
12.700000 NaN NaN NaN 
12.720000 NaN NaN NaN 
12.740000 0.289534 0.370000 1.292838 
12.760000 0.289534 0.376754 1.292838 
12.780000 0.289534 0.376754 1.292838 
12.800000 0.290000 0.376754 1.292838 
12.820000 0.290000 0.376754 1.292838 
12.840000 0.290000 0.376754 1.292838 
12.860000 0.290000 0.376754 1.340000 
12.880000 0.310000 0.376754 1.340000 
12.900000 0.310000 0.390000 1.360000 
12.920000 0.310000 0.390000 1.360000 
12.940000 0.310000 0.390000 1.360000 
12.960000 0.310000 0.390000 1.360000 
12.980000 0.310000 0.390000 1.360000 
13.000000 0.310000 0.390000 1.360000 
13.020000 0.310000 0.390000 1.360000 
13.040000 0.310000 0.376754 1.360000 
13.060000 0.310000 0.376754 1.340000 
13.080000 0.310000 0.376754 1.292838 
13.100000 0.310000 0.376754 1.292838 
13.120000 0.310000 0.390000 1.340000 
13.140000 0.310000 0.390000 1.360000 
13.160000 NaN NaN NaN 
13.180000 NaN NaN NaN 
13.200000 NaN NaN NaN 
13.220000 NaN NaN NaN 
13.240000 NaN NaN NaN 
13.260000 NaN NaN NaN 
13.280000 NaN NaN NaN 
13.300000 0.289534 0.376754 1.292838 
13.320000 0.289534 0.376754 1.292838 
13.340000 0.289534 0.376754 1.292838 
13.360000 NaN NaN NaN 
13.380000 NaN NaN NaN 
13.400000 NaN NaN NaN 
13.420000 NaN NaN NaN 
13.440000 NaN NaN NaN 
13.460000 NaN NaN NaN 
13.480000 NaN NaN NaN 
13.500000 NaN NaN NaN 
13.520000 NaN NaN NaN 
13.540000 NaN NaN NaN 
13.560000 0.289534 0.376754 1.320000 
13.580000 0.289534 0.370000 1.340000 
13.600000 0.289534 0.370000 1.340000 
13.620000 0.289534 0.370000 1.340000 
13.640000 0.289534 0.370000 1.340000 
13.660000 0.289534 0.370000 1.340000 
13.680000 0.289534 0.370000 1.340000 
13.700000 0.289534 0.370000 1.340000 
13.720000 0.289534 0.370000 1.340000 
13.740000 0.289534 0.370000 1.340000 
13.760000 0.289534 0.370000 1.340000 
13.780000 0.289534 0.370000 1.320000 
13.800000 NaN NaN NaN 
13.820000 NaN NaN NaN 
13.840000 NaN NaN NaN 
13.860000 NaN NaN NaN 
13.880000 NaN NaN NaN 
13.900000 NaN NaN NaN 
13.920000 NaN NaN NaN 
13.940000 NaN NaN NaN 
13.960000 NaN NaN NaN 
13.980000 NaN NaN NaN 
14.000000 NaN NaN NaN 
14.020000 NaN NaN NaN 
14.040000 NaN NaN NaN 
14.060000 NaN NaN NaN 
14.080000 NaN NaN NaN 
14.100000 NaN NaN NaN 
14.120000 NaN NaN NaN 
14.140000 NaN NaN NaN 
14.160000 NaN NaN NaN 
14.180000 NaN NaN NaN 
14.200000 NaN NaN NaN 
14.220000 NaN NaN NaN 
14.240000 NaN NaN NaN 
14.260000 NaN NaN NaN 
14.280000 NaN NaN NaN 
14.300000 NaN NaN NaN 
14.320000 NaN NaN NaN 
14.340000 0.289534 0.376754 1.292838 
14.360000 0.289534 0.376754 1.292838 
14.380000 0.289534 0.376754 1.292838 
14.400000 0.289534 0.370000 1.292838 
14.420000 0.289534 0.370000 1.300000 
14.440000 0.289534 0.370000 1.340000 
14.460000 0.289534 0.370000 1.340000 
14.480000 0.289534 0.370000 1.340000 
14.500000 NaN NaN NaN 
14.520000 NaN NaN NaN 
14.540000 0.289534 0.370000 1.340000 
14.560000 0.289534 0.370000 1.340000 
14.580000 0.289534 0.370000 1.340000 
14.600000 0.289534 0.370000 1.340000 
14.620000 0.289534 0.350000 1.320000 
14.640000 0.270000 0.330000 1.320000 
14.660000 0.250000 0.330000 1.300000 
14.680000 0.250000 0.330000 1.292838 
14.700000 0.250000 0.330000 1.292838 
14.720000 0.210000 0.310000 1.292838 
14.740000 NaN NaN NaN 
14.760000 0.210000 0.310000 1.292838 
14.780000 0.210000 0.310000 1.292838 
14.800000 0.250000 0.330000 1.292838 
14.820000 0.250000 0.330000 1.292838 
14.840000 0.250000 0.330000 1.292838 
14.860000 0.250000 0.330000 1.292838 
14.880000 0.270000 0.350000 1.292838 
14.900000 0.250000 0.376754 1.292838 
14.920000 0.289534 0.376754 1.292838 
14.940000 NaN NaN NaN 
14.960000 NaN NaN NaN 
14.980000 NaN NaN NaN 
15.000000 NaN NaN NaN 
15.020000 NaN NaN NaN 
15.040000 0.289534 0.376754 1.292838 
15.060000 0.289534 0.376754 1.292838 
15.080000 0.289534 0.376754 1.292838 
15.100000 0.289534 0.376754 1.292838 
15.120000 NaN NaN NaN 
15.140000 0.289534 0.376754 1.292838 
15.160000 0.289534 0.376754 1.292838 
15.180000 0.289534 0.390000 1.292838 
15.200000 0.289534 0.390000 1.292838 
15.220000 0.289534 0.390000 1.292838 
15.240000 0.289534 0.390000 1.292838 
15.260000 0.289534 0.390000 1.292838 
15.280000 0.289534 0.376754 1.292838 
15.300000 0.289534 0.376754 1.292838 
15.320000 0.289534 0.376754 1.292838 
15.340000 0.289534 0.376754 1.292838 
15.360000 0.289534 0.376754 1.340000 
15.380000 0.289534 0.376754 1.340000 
15.400000 NaN NaN NaN 
15.420000 NaN NaN NaN 
15.440000 NaN NaN NaN 
15.460000 0.250000 0.330000 1.292838 
15.480000 0.250000 0.330000 1.292838 
15.500000 0.250000 0.330000 1.292838 
15.520000 0.250000 0.330000 1.292838 
15.540000 0.250000 0.330000 1.292838 
15.560000 0.250000 0.330000 1.292838 
15.580000 0.250000 0.330000 1.292838 
15.600000 NaN NaN NaN 
15.620000 NaN NaN NaN 
15.640000 NaN NaN NaN 
15.660000 0.250000 0.330000 1.292838 
15.680000 0.250000 0.330000 1.340000 
15.700000 0.250000 0.330000 1.340000 
15.720000 0.250000 0.330000 1.340000 
15.740000 0.250000 0.350000 1.340000 
15.760000 0.270000 0.370000 1.292838 
15.780000 0.289534 0.370000 1.292838 
15.800000 0.289534 0.370000 1.292838 
15.820000 0.289534 0.370000 1.292838 
15.840000 0.289534 0.370000 1.292838 
15.860000 0.270000 0.370000 1.292838 
15.880000 0.289534 0.370000 1.292838 
15.900000 0.289534 0.370000 1.340000 
15.920000 0.289534 0.370000 1.340000 
15.940000 NaN NaN NaN 
15.960000 NaN NaN NaN 
15.980000 NaN NaN NaN 
16.000000 NaN NaN NaN 
16.020000 NaN NaN NaN 
16.040000 NaN NaN NaN 
16.060000 0.289534 0.376754 1.292838 
16.080000 0.289534 0.376754 1.292838 
16.100000 0.289534 0.376754 1.292838 
16.120000 0.289534 0.376754 1.292838 
16.140000 0.289534 0.376754 1.292838 
16.160000 NaN NaN NaN 
16.180000 NaN NaN NaN 
16.200000 NaN NaN NaN 
16.220000 NaN NaN NaN 
16.240000 0.310000 0.370000 1.300000 
16.260000 0.310000 0.370000 1.340000 
16.280000 0.310000 0.370000 1.340000 
16.300000 0.310000 0.370000 1.300000 
16.320000 0.310000 0.370000 1.300000 
16.340000 0.290000 0.376754 1.300000 
16.360000 0.290000 0.376754 1.300000 
16.380000 0.290000 0.376754 1.300000 
16.400000 0.290000 0.376754 1.300000 
16.420000 0.290000 0.376754 1.300000 
16.440000 0.290000 0.376754 1.300000 
16.460000 0.290000 0.370000 1.300000 
16.480000 0.290000 0.370000 1.300000 
16.500000 0.290000 0.370000 1.300000 
16.520000 0.290000 0.370000 1.300000 
16.540000 NaN NaN NaN 
16.560000 NaN NaN NaN 
16.580000 NaN NaN NaN 
16.600000 0.289534 0.376754 1.292838 
16.620000 NaN NaN NaN 
16.640000 0.289534 0.376754 1.292838 
16.660000 0.289534 0.376754 1.292838 
16.680000 0.289534 0.376754 1.292838 
16.700000 0.289534 0.376754 1.292838 
16.720000 NaN NaN NaN 
16.740000 NaN NaN NaN 
16.760000 NaN NaN NaN 
16.780000 NaN NaN NaN 
16.800000 NaN NaN NaN 
16.820000 NaN NaN NaN 
16.840000 NaN NaN NaN 
16.860000 NaN NaN NaN 
16.880000 NaN NaN NaN 
16.900000 NaN NaN NaN 
16.920000 NaN NaN NaN 
16.940000 0.289534 0.376754 1.292838 
16.960000 0.289534 0.376754 1.292838 
16.980000 0.289534 0.376754 1.292838 
17.000000 0.289534 0.376754 1.292838 
17.020000 0.289534 0.376754 1.292838 
17.040000 0.289534 0.376754 1.292838 
17.060000 0.289534 0.376754 1.292838 
17.080000 NaN NaN NaN 
17.100000 NaN NaN NaN 
17.120000 NaN NaN NaN 
17.140000 0.289534 0.376754 1.292838 
17.160000 0.289534 0.376754 1.292838 
17.180000 NaN NaN NaN 
17.200000 NaN NaN NaN 
17.220000 NaN NaN NaN 
17.240000 NaN NaN NaN 
17.260000 NaN NaN NaN 
17.280000 0.289534 0.376754 1.292838 
17.300000 0.289534 0.376754 1.292838 
17.320000 0.289534 0.376754 1.292838 
17.340000 0.289534 0.376754 1.292838 
17.360000 0.289534 0.376754 1.292838 
17.380000 0.289534 0.376754 1.292838 
17.400000 0.289534 0.376754 1.292838 
17.420000 NaN NaN NaN 
17.440000 NaN NaN NaN 
17.460000 NaN NaN NaN 
17.480000 NaN NaN NaN 
17.500000 NaN NaN NaN 
17.520000 NaN NaN NaN 
17.540000 NaN NaN NaN 
17.560000 NaN NaN NaN 
17.580000 NaN NaN NaN 
17.600000 NaN NaN NaN 
17.620000 NaN NaN NaN 
17.640000 0.289534 0.376754 1.292838 
17.660000 NaN NaN NaN 
17.680000 NaN NaN NaN 
17.700000 NaN NaN NaN 
17.720000 0.289534 0.376754 1.292838 
17.740000 0.289534 0.376754 1.292838 
17.760000 0.289534 0.376754 1.292838 
17.780000 0.289534 0.376754 1.292838 
17.800000 0.289534 0.376754 1.292838 
17.820000 0.289534 0.376754 1.292838 
17.840000 0.289534 0.376754 1.292838 
17.860000 0.289534 0.376754 1.292838 
17.880000 0.289534 0.376754 1.292838 
17.900000 0.289534 0.370000 1.292838 
17.920000 NaN NaN NaN 
17.940000 NaN NaN NaN 
17.960000 NaN NaN NaN 
17.980000 NaN NaN NaN 
18.000000 NaN NaN NaN 
18.020000 0.289534 0.376754 1.292838 
18.040000 0.289534 0.376754 1.292838 
18.060000 0.289534 0.376754 1.292838 
18.080000 0.289534 0.376754 1.292838 
18.100000 0.289534 0.376754 1.292838 
18.120000 0.289534 0.376754 1.292838 
18.140000 NaN NaN NaN 
18.160000 NaN NaN NaN 
18.180000 0.289534 0.376754 1.292838 
18.200000 NaN NaN NaN 
18.220000 0.290000 0.370000 1.300000 
18.240000 0.289534 0.370000 1.292838 
18.260000 0.290000 0.370000 1.300000 
18.280000 0.290000 0.376754 1.300000 
18.300000 0.290000 0.376754 1.300000 
18.320000 0.289534 0.376754 1.292838 
18.340000 0.289534 0.376754 1.292838 
18.360000 0.290000 0.376754 1.292838 
18.380000 0.290000 0.370000 1.292838 
18.400000 0.289534 0.370000 1.292838 
18.420000 0.289534 0.370000 1.292838 
18.440000 0.290000 0.370000 1.292838 
18.460000 0.290000 0.370000 1.292838 
18.480000 NaN NaN NaN 
18.500000 NaN NaN NaN 
18.520000 NaN NaN NaN 
18.540000 0.290000 0.376754 1.292838 
18.560000 0.290000 0.376754 1.292838 
18.580000 0.289534 0.376754 1.292838 
18.600000 NaN NaN NaN 
18.620000 0.289534 0.376754 1.292838 
18.640000 0.289534 0.376754 1.292838 
18.660000 0.289534 0.376754 1.292838 
18.680000 0.289534 0.376754 1.292838 
18.700000 0.289534 0.376754 1.292838 
18.720000 0.289534 0.376754 1.292838 
18.740000 NaN NaN NaN 
18.760000 NaN NaN NaN 
18.780000 NaN NaN NaN 
18.800000 NaN NaN NaN 
18.820000 NaN NaN NaN 
18.840000 0.310000 0.390000 1.292838 
18.860000 0.310000 0.410000 1.292838 
18.880000 0.310000 0.410000 1.292838 
18.900000 0.310000 0.410000 1.292838 
18.920000 NaN NaN NaN 
18.940000 0.310000 0.410000 1.292838 
18.960000 0.310000 0.410000 1.320000 
18.980000 0.310000 0.410000 1.340000 
19.000000 NaN NaN NaN 
19.020000 0.310000 0.410000 1.340000 
19.040000 0.310000 0.410000 1.340000 
19.060000 0.330000 0.410000 1.340000 
19.080000 0.330000 0.410000 1.320000 
19.100000 0.330000 0.376754 1.292838 
19.120000 0.330000 0.376754 1.292838 
19.140000 0.330000 0.376754 1.292838 
19.160000 0.310000 0.376754 1.292838 
19.180000 0.310000 0.376754 1.292838 
19.200000 NaN NaN NaN 
19.220000 NaN NaN NaN 
19.240000 NaN NaN NaN 
19.260000 0.310000 0.376754 1.292838 
19.280000 0.290000 0.376754 1.292838 
19.300000 NaN NaN NaN 
19.320000 NaN NaN NaN 
19.340000 0.289534 0.376754 1.292838 
19.360000 0.289534 0.376754 1.292838 
19.380000 0.289534 0.376754 1.292838 
19.400000 0.289534 0.376754 1.292838 
19.420000 0.289534 0.376754 1.292838 
19.440000 0.289534 0.376754 1.292838 
19.460000 0.289534 0.376754 1.292838 
19.480000 0.289534 0.376754 1.292838 
19.500000 NaN NaN NaN 
19.520000 NaN NaN NaN 
19.540000 NaN NaN NaN 
19.560000 0.289534 0.376754 1.292838 
19.580000 0.289534 0.376754 1.292838 
19.600000 0.289534 0.376754 1.292838 
19.620000 0.289534 0.376754 1.292838 
19.640000 0.289534 0.376754 1.292838 
19.660000 0.289534 0.376754 1.292838 
19.680000 NaN NaN NaN 
19.700000 NaN NaN NaN 
19.720000 NaN NaN NaN 
19.740000 NaN NaN NaN 
19.760000 NaN NaN NaN 
19.780000 NaN NaN NaN 
19.800000 NaN NaN NaN 
19.820000 0.289534 0.376754 1.292838 
19.840000 0.289534 0.376754 1.292838 
19.860000 0.289534 0.376754 1.292838 
19.880000 0.289534 0.376754 1.292838 
19.900000 NaN NaN NaN 
19.920000 NaN NaN NaN 
19.940000 NaN NaN NaN 
19.960000 NaN NaN NaN 
19.980000 NaN NaN NaN 
20.000000 NaN NaN NaN 
20.020000 NaN NaN NaN 
20.040000 NaN NaN NaN 
20.060000 0.289534 0.376754 1.292838 
20.080000 0.289534 0.376754 1.292838 
20.100000 0.289534 0.376754 1.292838 
20.120000 0.289534 0.376754 1.292838 
20.140000 0.289534 0.376754 1.292838 
20.160000 0.289534 0.376754 1.292838 
20.180000 0.289534 0.376754 1.292838 
20.200000 0.289534 0.376754 1.292838 
20.220000 0.289534 0.376754 1.292838 
20.240000 0.289534 0.376754 1.292838 
20.260000 NaN NaN NaN 
20.280000 NaN NaN NaN 
20.300000 NaN NaN NaN 
20.320000 NaN NaN NaN 
20.340000 NaN NaN NaN 
20.360000 NaN NaN NaN 
20.380000 0.289534 0.376754 1.292838 
20.400000 0.289534 0.376754 1.292838 
20.420000 0.289534 0.376754 1.292838 
20.440000 0.289534 0.376754 1.292838 
20.460000 0.289534 0.376754 1.292838 
20.480000 0.289534 0.376754 1.292838 
20.500000 0.289534 0.376754 1.292838 
20.520000 0.289534 0.376754 1.292838 
20.540000 NaN NaN NaN 
20.560000 NaN NaN NaN 
20.580000 NaN NaN NaN 
20.600000 0.350000 0.390000 1.292838 
20.620000 0.330000 0.390000 1.292838 
20.640000 NaN NaN NaN 
20.660000 NaN NaN NaN 
20.680000 NaN NaN NaN 
20.700000 NaN NaN NaN 
20.720000 NaN NaN NaN 
20.740000 0.290000 0.376754 1.292838 
20.760000 0.290000 0.376754 1.292838 
20.780000 0.290000 0.376754 1.292838 
20.800000 0.290000 0.376754 1.292838 
20.820000 0.289534 0.376754 1.292838 
20.840000 0.289534 0.376754 1.292838 
20.860000 0.289534 0.376754 1.292838 
20.880000 0.289534 0.376754 1.292838 
20.900000 0.289534 0.376754 1.292838 
20.920000 NaN NaN NaN 
20.940000 NaN NaN NaN 
20.960000 NaN NaN NaN 
20.980000 NaN NaN NaN 
21.000000 NaN NaN NaN 
21.020000 NaN NaN NaN 
21.040000 NaN NaN NaN 
21.060000 NaN NaN NaN 
21.080000 NaN NaN NaN 
21.100000 NaN NaN NaN 
21.120000 NaN NaN NaN 
21.140000 NaN NaN NaN 
21.160000 NaN NaN NaN 
21.180000 NaN NaN NaN 
21.200000 NaN NaN NaN 
21.220000 NaN NaN NaN 
21.240000 NaN NaN NaN 
21.260000 NaN NaN NaN 
21.280000 NaN NaN NaN 
21.300000 NaN NaN NaN 
21.320000 NaN NaN NaN 
21.340000 NaN NaN NaN 
21.360000 NaN NaN NaN 
21.380000 NaN NaN NaN 
21.400000 NaN NaN NaN 
21.420000 NaN NaN NaN 
21.440000 NaN NaN NaN 
21.460000 NaN NaN NaN 
21.480000 NaN NaN NaN 
21.500000 NaN NaN NaN 
21.520000 NaN NaN NaN 
21.540000 NaN NaN NaN 
21.560000 NaN NaN NaN 
21.580000 NaN NaN NaN 
21.600000 NaN NaN NaN 
21.620000 NaN NaN NaN 
21.640000 NaN NaN NaN 
21.660000 NaN NaN NaN 
21.680000 NaN NaN NaN 
21.700000 NaN NaN NaN 
21.720000 NaN NaN NaN 
21.740000 NaN NaN NaN 
21.760000 NaN NaN NaN 
21.780000 NaN NaN NaN 
21.800000 NaN NaN NaN 
21.820000 NaN NaN NaN 
21.840000 NaN NaN NaN 
21.860000 NaN NaN NaN 
21.880000 NaN NaN NaN 
21.900000 NaN NaN NaN 
21.920000 NaN NaN NaN 
21.940000 NaN NaN NaN 
21.960000 NaN NaN NaN 
21.980000 NaN NaN NaN 
22.000000 NaN NaN NaN 
22.020000 NaN NaN NaN 
22.040000 NaN NaN NaN 
22.060000 NaN NaN NaN 
22.080000 NaN NaN NaN 
22.100000 NaN NaN NaN 
22.120000 NaN NaN NaN 
22.140000 NaN NaN NaN 
22.160000 NaN NaN NaN 
22.180000 NaN NaN NaN 
22.200000 NaN NaN NaN 
22.220000 NaN NaN NaN 
22.240000 NaN NaN NaN 
22.260000 NaN NaN NaN 
22.280000 NaN NaN NaN 
22.300000 NaN NaN NaN 
22.320000 NaN NaN NaN 
22.340000 NaN NaN NaN 
22.360000 NaN NaN NaN 
22.380000 NaN NaN NaN 
22.400000 NaN NaN NaN 
22.420000 NaN NaN NaN 
22.440000 NaN NaN NaN 
22.460000 NaN NaN NaN 
22.480000 NaN NaN NaN 
22.500000 NaN NaN NaN 
22.520000 NaN NaN NaN 
22.540000 NaN NaN NaN 
22.560000 NaN NaN NaN 
22.580000 NaN NaN NaN 
22.600000 NaN NaN NaN 
22.620000 NaN NaN NaN 
22.640000 NaN NaN NaN 
22.660000 0.289534 0.376754 1.292838 
22.680000 0.289534 0.376754 1.292838 
22.700000 0.289534 0.370000 1.292838 
22.720000 0.370000 0.370000 1.320000 
22.740000 0.370000 0.370000 1.320000 
22.760000 0.370000 0.370000 1.320000 
22.780000 0.370000 0.370000 1.320000 
22.800000 0.370000 0.370000 1.320000 
22.820000 NaN NaN NaN 
22.840000 0.370000 0.370000 1.320000 
22.860000 0.370000 0.370000 1.320000 
22.880000 0.370000 0.370000 1.320000 
22.900000 0.370000 0.370000 1.320000 
22.920000 0.370000 0.370000 1.320000 
22.940000 0.370000 0.370000 1.320000 
22.960000 0.370000 0.370000 1.320000 
22.980000 0.370000 0.370000 1.320000 
23.000000 0.370000 0.370000 1.320000 
23.020000 0.370000 0.370000 1.320000 
23.040000 0.370000 0.370000 1.320000 
23.060000 0.370000 0.370000 1.320000 
23.080000 0.370000 0.370000 1.320000 
23.100000 0.370000 0.370000 1.320000 
23.120000 0.370000 0.370000 1.320000 
23.140000 0.370000 0.370000 1.320000 
23.160000 0.370000 0.370000 1.320000 
23.180000 0.370000 0.370000 1.320000 
23.200000 0.370000 0.370000 1.320000 
23.220000 0.370000 0.370000 1.320000 
23.240000 0.370000 0.370000 1.320000 
23.260000 0.370000 0.370000 1.320000 
23.280000 0.370000 0.370000 1.320000 
23.300000 0.370000 0.370000 1.340000 
23.320000 0.370000 0.370000 1.340000 
23.340000 0.370000 0.370000 1.340000 
23.360000 0.370000 0.390000 1.340000 
23.380000 0.370000 0.390000 1.340000 
23.400000 0.370000 0.390000 1.340000 
23.420000 0.370000 0.390000 1.340000 
23.440000 0.370000 0.390000 1.340000 
23.460000 0.330000 0.390000 1.340000 
23.480000 0.330000 0.390000 1.340000 
23.500000 0.330000 0.390000 1.340000 
23.520000 0.330000 0.390000 1.340000 
23.540000 0.330000 0.390000 1.340000 
23.560000 0.330000 0.390000 1.340000 
23.580000 0.330000 0.390000 1.340000 
23.600000 0.330000 0.390000 1.340000 
23.620000 0.330000 0.390000 1.340000 
23.640000 NaN NaN NaN 
23.660000 NaN NaN NaN 
23.680000 NaN NaN NaN 
23.700000 NaN NaN NaN 
23.720000 NaN NaN NaN 
23.740000 NaN NaN NaN 
23.760000 NaN NaN NaN 
23.780000 0.289534 0.376754 1.292838 
23.800000 0.289534 0.376754 1.292838 
23.820000 0.289534 0.376754 1.292838 
23.840000 0.289534 0.376754 1.292838 
23.860000 NaN NaN NaN 
23.880000 NaN NaN NaN 
23.900000 NaN NaN NaN 
23.920000 0.289534 0.376754 1.292838 
23.940000 0.289534 0.376754 1.292838 
23.960000 0.289534 0.376754 1.292838 
23.980000 0.289534 0.376754 1.292838 
24.000000 0.289534 0.376754 1.292838 
24.020000 NaN NaN NaN 
24.040000 NaN NaN NaN 
24.060000 0.289534 0.376754 1.292838 
24.080000 0.289534 0.376754 1.292838 
24.100000 0.289534 0.376754 1.292838 
24.120000 0.289534 0.376754 1.292838 
24.140000 0.289534 0.376754 1.292838 
24.160000 0.289534 0.376754 1.292838 
24.180000 NaN NaN NaN 
24.200000 NaN NaN NaN 
24.220000 NaN NaN NaN 
24.240000 NaN NaN NaN 
24.260000 0.289534 0.376754 1.292838 
24.280000 0.330000 0.376754 1.292838 
24.300000 0.370000 0.376754 1.292838 
24.320000 0.370000 0.376754 1.292838 
24.340000 0.370000 0.376754 1.292838 
24.360000 NaN NaN NaN 
24.380000 NaN NaN NaN 
24.400000 NaN NaN NaN 
24.420000 NaN NaN NaN 
24.440000 0.370000 0.376754 1.300000 
24.460000 0.370000 0.376754 1.300000 
24.480000 0.370000 0.376754 1.300000 
24.500000 0.370000 0.376754 1.300000 
24.520000 0.350000 0.376754 1.292838 
24.540000 0.330000 0.376754 1.292838 
24.560000 0.350000 0.376754 1.292838 
24.580000 0.370000 0.376754 1.292838 
24.600000 0.370000 0.376754 1.300000 
24.620000 0.370000 0.376754 1.300000 
24.640000 NaN NaN NaN 
24.660000 NaN NaN NaN 
24.680000 NaN NaN NaN 
24.700000 NaN NaN NaN 
24.720000 NaN NaN NaN 
24.740000 NaN NaN NaN 
24.760000 0.370000 0.376754 1.300000 
24.780000 0.370000 0.370000 1.300000 
24.800000 0.370000 0.370000 1.300000 
24.820000 0.370000 0.370000 1.300000 
24.840000 0.289534 0.370000 1.292838 
24.860000 0.289534 0.370000 1.292838 
24.880000 0.289534 0.370000 1.292838 
24.900000 0.289534 0.370000 1.292838 
24.920000 0.289534 0.370000 1.292838 
24.940000 0.289534 0.370000 1.292838 
